1	中国	53185	4.69339339612	53185
2	美国	31840	5.19176188171	85025
3	发展	26535	7.14269896701	111560
4	经济	22087	8.07034210667	133647
5	国家	21076	4.84091033157	154723
6	问题	19992	8.50211672358	174715
7	一个	19835	5.08647326702	194550
8	工作	18904	6.89133239246	213454
9	台湾	18020	8.39363573728	231474
10	社会	17841	6.6029564076	249315
11	政府	17667	8.04318829791	266982
12	记者	17154	8.08978189963	284136
13	我们	16676	7.17933037085	300812
14	人民	16651	5.06174414404	317463
15	进行	15084	6.18844527135	332547
16	北京	14659	8.76122765868	347206
17	企业	13554	8.02096355855	360760
18	表示	13347	8.00097495209	374107
19	国际	12712	5.70882614905	386819
20	他们	12326	6.58766409264	399145
21	没有	12284	6.84146564226	411429
22	建设	12054	7.90532488761	423483
23	关系	11828	7.43437197507	435311
24	代表	11520	7.48014279049	446831
25	世界	11373	8.90863089475	458204
26	公司	11339	7.99301355587	469543
27	全国	10890	4.13268263523	480433
28	报道	10730	7.17626575036	491163
29	市场	10723	7.31781652604	501886
30	日本	10523	5.9400011062	512409
31	组织	10325	9.3773962078	522734
32	技术	10130	9.07202455913	532864
33	重要	9778	5.91103541241	542642
34	方面	9650	6.66240980885	552292
35	合作	9246	6.17103013068	561538
36	地区	9184	6.50883500931	570722
37	领导	9021	8.3307510219	579743
38	活动	8974	7.70395737246	588717
39	拉克	8971	8.47224898455	597688
40	认为	8958	6.54291728587	606646
41	教育	8766	8.84526449769	615412
42	日电	8573	6.18924803929	623985
43	伊拉	8513	8.68888883275	632498
44	管理	8483	7.75292491008	640981
45	目前	8341	7.2071182416	649322
46	已经	8140	6.68264191316	657462
47	自己	8110	8.72002174414	665572
48	有关	7979	4.78894531297	673551
49	会议	7869	5.94584690573	681420
50	总统	7866	7.53905772641	689286
51	研究	7834	9.89940933033	697120
52	安全	7703	6.76676695309	704823
53	人员	7701	4.70765967204	712524
54	委员	7698	7.28121358283	720222
55	政治	7683	6.86298767791	727905
56	可以	7622	6.13918817737	735527
57	要求	7504	6.95217909114	743031
58	通过	7408	7.41437245277	750439
59	可能	7386	6.75689579204	757825
60	中央	7341	6.52153676015	765166
61	加强	7242	7.02985100743	772408
62	一些	7175	5.2356511664	779583
63	计划	7129	9.15077636146	786712
64	部门	7105	7.08613310778	793817
65	主义	7092	7.51678237515	800909
66	本报	7052	5.9284229033	807961
67	政策	6955	7.67040391686	814916
68	改革	6945	9.15810412236	821861
69	今年	6878	6.10358494483	828739
70	联合	6843	7.31868731641	835582
71	同时	6808	5.91839311951	842390
72	就是	6807	4.72327783518	849197
73	第一	6632	4.98269781898	855829
74	指出	6569	6.63935708178	862398
75	生产	6425	6.14720510604	868823
76	科技	6416	7.87820201322	875239
77	文化	6408	7.0590123939	881647
78	干部	6327	7.24491531119	887974
79	这些	6285	6.337370233	894259
80	提出	6245	5.85820058514	900504
81	大陆	6234	6.70274261024	906738
82	成为	6221	4.64605806867	912959
83	这个	6217	4.70550050726	919176
84	今天	6190	7.36266340011	925366
85	举行	6163	6.70863840956	931529
86	提高	6135	6.70945888287	937664
87	主要	5989	5.08180111053	943653
88	情况	5982	9.04383876888	949635
89	支持	5954	8.57752039238	955589
90	历史	5935	10.1709880899	961524
91	群众	5860	9.71971236242	967384
92	投资	5838	7.74659047832	973222
93	解决	5823	7.99323588358	979045
94	两国	5817	3.88896693935	984862
95	一步	5783	5.37680881534	990645
96	发生	5774	4.64943123104	996419
97	现在	5754	4.10071406489	1002173
98	主席	5742	7.76855546952	1007915
99	香港	5712	10.3857299434	1013627
100	服务	5700	8.48369219016	1019327
101	科学	5689	6.63214658072	1025016
102	学生	5633	5.50603123984	1030649
103	时间	5619	6.27356656639	1036268
104	新华	5584	6.18799293016	1041852
105	开始	5468	8.16700295063	1047320
106	实现	5443	5.85463646293	1052763
107	希望	5349	10.1916820288	1058112
108	建立	5305	6.64858512485	1063417
109	以及	5300	6.05839009835	1068717
110	工程	5193	6.8387687358	1073910
111	大学	5188	4.35111895375	1079098
112	如果	5170	8.40361813812	1084268
113	公投	5137	6.75263179722	1089405
114	积极	5132	9.92138091366	1094537
115	信息	5123	8.43168044855	1099660
116	开发	5121	4.80650091702	1104781
117	作为	5114	4.10172865377	1109895
118	增长	5101	7.05946245854	1114996
119	农民	5070	6.03676521888	1120066
120	消息	5023	9.04271423012	1125089
121	环境	5022	9.83346342077	1130111
122	必须	4976	10.3937610867	1135087
123	因为	4969	5.68365456493	1140056
124	布什	4953	8.61352325851	1145009
125	提供	4942	8.46615249667	1149951
126	水扁	4936	9.10244808003	1154887
127	陈水	4935	8.3018290412	1159822
128	保护	4923	8.3264610033	1164745
129	外交	4902	7.05265437012	1169647
130	影响	4892	10.1621786812	1174539
131	农业	4881	6.22285091738	1179420
132	新闻	4867	7.657762649	1184287
133	华社	4853	6.69802876604	1189140
134	美军	4853	5.12976844917	1193993
135	和平	4834	5.10700400287	1198827
136	军事	4806	5.8694387881	1203633
137	生活	4784	6.47788857227	1208417
138	需要	4783	7.11806344607	1213200
139	决定	4782	6.86929424514	1217982
140	基础	4772	9.25769048725	1222754
141	思想	4736	9.2730922945	1227490
142	产品	4735	7.36253899544	1232225
143	调查	4696	8.14332961517	1236921
144	精神	4691	9.97393088263	1241612
145	民主	4646	4.80082446575	1246258
146	中心	4640	4.41946421287	1250898
147	实施	4623	7.1303871546	1255521
148	法律	4618	7.44005899366	1260139
149	系统	4595	6.92833582543	1264734
150	世纪	4583	8.55554248437	1269317
151	访问	4575	7.40872692135	1273892
152	继续	4554	10.151641942	1278446
153	会主	4526	4.19686862541	1282972
154	不能	4524	4.37676441237	1287496
155	战略	4520	8.66828229257	1292016
156	总理	4496	6.12754650882	1296512
157	这种	4494	5.81548670967	1301006
158	民族	4483	7.33199543078	1305489
159	包括	4478	10.7055627419	1309967
160	产业	4443	5.53832555037	1314410
161	罗斯	4439	8.62432869386	1318849
162	贸易	4433	9.98355422952	1323282
163	部分	4413	5.16903507966	1327695
164	事件	4412	6.85072471608	1332107
165	上海	4412	5.41892555336	1336519
166	其中	4408	4.05550923163	1340927
167	这样	4405	6.62423700914	1345332
168	部长	4392	5.13085653963	1349724
169	参加	4385	7.37593946055	1354109
170	项目	4376	7.69844376976	1358485
171	什么	4373	9.52179789342	1362858
172	地方	4344	4.58633261918	1367202
173	图片	4337	9.3872164008	1371539
174	机构	4316	7.63095189508	1375855
175	一次	4314	4.06340016564	1380169
176	特别	4297	8.37669706566	1384466
177	去年	4275	5.79780640509	1388741
178	制度	4271	6.34030761071	1393012
179	俄罗	4254	9.89753313827	1397266
180	城市	4236	7.38580591248	1401502
181	农村	4234	8.18955295016	1405736
182	以来	4234	4.54009608913	1409970
183	年来	4215	4.10503453602	1414185
184	但是	4200	4.67754263948	1418385
185	基本	4184	6.0463525773	1422569
186	规定	4180	6.93381113905	1426749
187	正在	4159	4.37061691669	1430908
188	共同	4157	6.61891104343	1435065
189	美元	4150	5.84045605976	1439215
190	增加	4109	6.77822401975	1443324
191	两岸	4106	8.63471798688	1447430
192	资源	4099	8.18392083756	1451529
193	报告	4092	6.98413808384	1455621
194	利益	4090	7.95576934621	1459711
195	稳定	4089	8.43715466841	1463800
196	官员	4077	7.28823734368	1467877
197	开展	4076	5.38616309633	1471953
198	由于	4071	6.59728599374	1476024
199	努力	4032	8.50173664974	1480056
200	不断	4018	6.5806432412	1484074
201	媒体	3998	8.89152392028	1488072
202	第二	3985	7.21464014402	1492057
203	专家	3974	6.55437901019	1496031
204	员会	3974	4.28335098815	1500005
205	学习	3957	7.78941039755	1503962
206	行动	3952	4.65504355982	1507914
207	监督	3948	10.5016390998	1511862
208	武器	3947	9.66430468621	1515809
209	出现	3936	4.72383069391	1519745
210	负责	3895	9.69299910471	1523640
211	坚持	3882	8.63952891818	1527522
212	目标	3871	7.80236286615	1531393
213	也是	3865	3.99714265865	1535258
214	务院	3861	6.88112229336	1539119
215	统一	3853	4.02664956854	1542972
216	接受	3841	8.06244639246	1546813
217	取得	3839	7.1805043554	1550652
218	能力	3831	5.4483259228	1554483
219	二十	3768	6.73150523606	1558251
220	调整	3757	8.02466014007	1562008
221	台独	3725	7.24958840464	1565733
222	责任	3708	8.01141970508	1569441
223	双方	3706	7.30185491932	1573147
224	战争	3694	7.47955479492	1576841
225	导弹	3693	8.2282015565	1580534
226	得到	3688	5.31811971078	1584222
227	因此	3686	7.09875712583	1587908
228	强调	3683	6.97681393453	1591591
229	作用	3678	4.94136028878	1595269
230	中共	3677	4.30301370028	1598946
231	法轮	3675	7.44311040959	1602621
232	委会	3651	4.88041166037	1606272
233	其他	3646	5.43296919406	1609918
234	行政	3628	4.13043925674	1613546
235	发现	3620	4.35282618914	1617166
236	反对	3604	5.63774292909	1620770
237	严重	3583	7.06916342609	1624353
238	根据	3581	8.19299113487	1627934
239	机关	3565	5.26550939341	1631499
240	许多	3556	7.36810903829	1635055
241	轮功	3541	9.77311474726	1638596
242	水平	3536	6.86801462877	1642132
243	单位	3535	8.44467478543	1645667
244	措施	3524	9.87023463787	1649191
245	国防	3523	4.22536399708	1652714
246	人士	3519	5.38872631324	1656233
247	重点	3515	6.22785664736	1659748
248	了解	3514	4.87584395283	1663262
249	采取	3507	8.6518436379	1666769
250	结构	3506	8.34923094235	1670275
251	现代	3493	5.82027426239	1673768
252	印度	3478	8.27658789472	1677246
253	使用	3448	6.50327095843	1680694
254	任何	3441	8.02019339176	1684135
255	处理	3439	6.70991065417	1687574
256	促进	3431	7.63394319217	1691005
257	而且	3420	8.36618240429	1694425
258	三个	3403	5.0756225389	1697828
259	英国	3362	4.78798712319	1701190
260	全面	3330	5.221018012	1704520
261	十五	3311	6.90913036507	1707831
262	成功	3308	6.74552564198	1711139
263	经营	3307	6.95516874931	1714446
264	领域	3303	8.62338979687	1717749
265	应该	3303	7.8001982229	1721052
266	收入	3300	7.55548874125	1724352
267	非常	3291	8.33265136894	1727643
268	进入	3289	5.51177387289	1730932
269	基地	3285	5.19734314851	1734217
270	利用	3283	5.86566427017	1737500
271	他说	3281	4.75289994927	1740781
272	部队	3261	5.51394687822	1744042
273	这次	3255	4.94981668627	1747297
274	犯罪	3250	10.4458690009	1750547
275	对于	3227	4.31616135581	1753774
276	亿元	3223	8.30408764213	1756997
277	期间	3215	6.93331680483	1760212
278	之间	3207	6.34189533104	1763419
279	方式	3192	6.29755030045	1766611
280	任务	3184	6.40566858189	1769795
281	实际	3175	6.15156978698	1772970
282	法院	3175	5.65657350039	1776145
283	不同	3155	3.93829303405	1779300
284	具有	3148	5.78109540936	1782448
285	一种	3138	4.00454678372	1785586
286	朝鲜	3127	10.7906239412	1788713
287	万元	3126	7.21185859894	1791839
288	出口	3115	5.86319209803	1794954
289	受到	3105	5.79310440809	1798059
290	新网	3101	5.97533633733	1801160
291	全球	3096	6.68619187609	1804256
292	推动	3092	6.75153507449	1807348
293	工业	3083	4.4498554952	1810431
294	发言	3081	6.15969624004	1813512
295	造成	3078	6.24391788715	1816590
296	关于	3071	4.91121459775	1819661
297	发表	3056	4.04674739437	1822717
298	不仅	3046	6.22315724063	1825763
299	达到	3029	5.49345047048	1828792
300	电视	3028	7.00085390572	1831820
301	存在	3022	5.73608720593	1834842
302	还是	3014	4.06475613473	1837856
303	集团	2982	8.44375885574	1840838
304	事业	2978	4.59695823539	1843816
305	规模	2971	8.97454578751	1846787
306	开放	2960	6.63848034047	1849747
307	完成	2957	6.50271777949	1852704
308	银行	2956	7.46293962361	1855660
309	最大	2956	4.2887425837	1858616
310	恐怖	2952	11.5394973714	1861568
311	一直	2947	4.89574581061	1864515
312	斯坦	2940	9.08287180957	1867455
313	条件	2940	8.09439206661	1870395
314	家宝	2925	7.29617096355	1873320
315	温家	2913	7.11979097739	1876233
316	达姆	2892	8.8514385543	1879125
317	书记	2888	7.15812351407	1882013
318	只有	2870	5.12780981918	1884883
319	萨达	2866	8.82748464954	1887749
320	都是	2865	4.07393013481	1890614
321	比赛	2863	7.99335623684	1893477
322	形成	2859	6.40600452851	1896336
323	分子	2856	5.83101420621	1899192
324	竞争	2854	9.47698966178	1902046
325	两个	2851	4.7240753725	1904897
326	对台	2842	3.96308546911	1907739
327	导人	2839	3.92035080326	1910578
328	江泽	2826	9.56884363541	1913404
329	所有	2826	4.19382164356	1916230
330	发挥	2821	6.90501035915	1919051
331	亚洲	2820	8.60454518722	1921871
332	人才	2820	5.19013623673	1924691
333	还有	2820	4.17476730534	1927511
334	第三	2814	6.27819475367	1930325
335	泽民	2813	7.15699256078	1933138
336	航天	2807	7.56669682986	1935945
337	创新	2807	6.50615051955	1938752
338	介绍	2804	11.5780091248	1941556
339	意见	2801	7.44034814701	1944357
340	会见	2787	5.3998794092	1947144
341	维护	2759	8.9579457064	1949903
342	旅游	2753	10.1968785916	1952656
343	资金	2744	6.72182672026	1955400
344	结果	2734	7.60825112996	1958134
345	获得	2728	7.71704691644	1960862
346	友好	2717	7.99273060221	1963579
347	内容	2710	8.00774479741	1966289
348	当地	2710	4.76789078974	1968999
349	过去	2707	6.41060232015	1971706
350	一位	2688	3.84362435972	1974394
351	依法	2686	6.84786751056	1977080
352	不可	2686	3.90356725498	1979766
353	起来	2683	5.421995347	1982449
354	主任	2674	5.48807944949	1985123
355	参与	2669	6.57404840014	1987792
356	推进	2652	6.13111303865	1990444
357	如何	2650	7.90349136549	1993094
358	同志	2632	7.18295382169	1995726
359	原则	2631	8.47727100068	1998357
360	保障	2628	8.98343418458	2000985
361	来自	2625	4.62856632601	2003610
362	重视	2608	6.30262416813	2006218
363	公安	2600	5.25825667701	2008818
364	消费	2598	8.43575470158	2011416
365	飞机	2598	7.02563191021	2014014
366	执行	2593	6.57767078293	2016607
367	成员	2592	4.56075002518	2019199
368	韩国	2591	5.30832173119	2021790
369	之后	2584	5.45712209383	2024374
370	宣布	2571	8.19568624163	2026945
371	西部	2560	5.35645827866	2029505
372	甚至	2557	9.93424115742	2032062
373	充分	2554	7.86529625839	2034616
374	先进	2548	5.94314584703	2037164
375	十分	2546	5.30046423206	2039710
376	过程	2534	6.24621759507	2042244
377	经过	2533	4.56655092377	2044777
378	保持	2531	6.51342266009	2047308
379	虽然	2529	9.38991732703	2049837
380	能够	2518	8.12235882359	2052355
381	会谈	2518	5.39827421066	2054873
382	质量	2512	8.08280412095	2057385
383	根本	2512	6.78397132239	2059897
384	准备	2508	8.74911202464	2062405
385	公开	2499	4.54434297084	2064904
386	学校	2491	7.22697034905	2067395
387	情报	2490	5.37676093667	2069885
388	袭击	2485	9.98976780377	2072370
389	时候	2485	7.40612551727	2074855
390	各种	2483	6.55955369595	2077338
391	正式	2480	7.04365379546	2079818
392	看到	2476	5.78109048355	2082294
393	分析	2474	8.5412937497	2084768
394	常委	2466	7.0498099133	2087234
395	未来	2462	6.52483659718	2089696
396	力量	2444	6.17213805235	2092140
397	建议	2441	5.61786134276	2094581
398	改变	2434	7.50547120382	2097015
399	成立	2432	5.05657834366	2099447
400	扩大	2426	6.58244842927	2101873
401	传统	2422	7.28755008669	2104295
402	亿美	2421	6.05940454656	2106716
403	人口	2416	4.44827544737	2109132
404	所以	2415	4.83915722731	2111547
405	当局	2410	6.29559559612	2113957
406	并不	2406	4.17670649356	2116363
407	是否	2405	5.9467335539	2118768
408	体制	2388	5.35964454259	2121156
409	有效	2384	5.37653688236	2123540
410	完全	2376	6.27560708678	2125916
411	别是	2371	4.794023745	2128287
412	标准	2355	8.47419407494	2130642
413	独立	2355	7.39310829884	2132997
414	综合	2353	8.42102866311	2135350
415	加快	2347	6.94109331717	2137697
416	最后	2345	5.55998543293	2140042
417	交流	2341	7.60545835496	2142383
418	知识	2339	8.8430901413	2144722
419	原因	2333	7.25465060179	2147055
420	直接	2331	8.06400028362	2149386
421	明年	2327	4.18090829779	2151713
422	结束	2324	9.480631936	2154037
423	透露	2311	10.8511621659	2156348
424	分别	2311	6.49426969981	2158659
425	实行	2307	3.85742205926	2160966
426	最近	2296	6.68664275072	2163262
427	网络	2293	9.70227972229	2165555
428	日前	2293	3.92092703948	2167848
429	机制	2291	5.0315674406	2170139
430	关注	2289	7.09283452442	2172428
431	深入	2286	7.26177852289	2174714
432	按照	2278	10.3741093126	2176992
433	长期	2271	5.68302140914	2179263
434	邪教	2270	9.03802188651	2181533
435	电话	2262	6.7740386657	2183795
436	控制	2255	7.63126824253	2186050
437	打击	2253	7.96593171367	2188303
438	个月	2251	3.90292223032	2190554
439	卫星	2249	8.84787912039	2192803
440	制定	2245	5.01445422434	2195048
441	显示	2243	7.89678572687	2197291
442	文明	2242	5.7104979292	2199533
443	结合	2235	5.92455095616	2201768
444	财政	2228	6.85862816378	2203996
445	明确	2219	6.95175185296	2206215
446	金融	2216	9.21201555678	2208431
447	健康	2215	10.6730017314	2210646
448	规范	2213	8.33009912219	2212859
449	欧洲	2203	9.3485187555	2215062
450	据新	2200	4.87875152618	2217262
451	宣传	2199	8.79796893981	2219461
452	医院	2178	7.96729806471	2221639
453	阶段	2163	10.5706889393	2223802
454	最高	2161	5.38422370061	2225963
455	当时	2159	4.61862070652	2228122
456	高度	2153	5.29591503616	2230275
457	相关	2152	5.48027641342	2232427
458	威胁	2151	11.2563386049	2234578
459	欧盟	2151	9.82522257166	2236729
460	青年	2142	6.16944123093	2238871
461	召开	2140	8.06962585163	2241011
462	制造	2140	6.27683348437	2243151
463	形势	2139	7.98934176446	2245290
464	色列	2138	8.96049053482	2247428
465	言人	2135	4.83249266685	2249563
466	以色	2131	6.10988591337	2251694
467	另一	2130	5.41968504984	2253824
468	广大	2130	4.6244128126	2255954
469	针对	2101	6.93704996429	2258055
470	防部	2101	5.49299779062	2260156
471	解放	2093	7.19258454423	2262249
472	体系	2088	5.56958817195	2264337
473	优势	2084	8.56848691755	2266421
474	事实	2080	4.4533937006	2268501
475	立法	2078	4.70960585442	2270579
476	对此	2075	4.39480199029	2272654
477	检察	2064	9.16724981851	2274718
478	发射	2057	6.72845516657	2276775
479	立场	2054	5.59251567308	2278829
480	创造	2053	8.04948063339	2280882
481	人权	2051	4.02009626861	2282933
482	很多	2048	5.95192885063	2284981
483	意义	2046	6.70615289549	2287027
484	具体	2044	7.06517673886	2289071
485	劳动	2033	7.71084618076	2291104
486	爆炸	2032	11.0629228449	2293136
487	落实	2030	6.92917580959	2295166
488	完善	2029	8.92131175965	2297195
489	认真	2027	7.55266818291	2299222
490	下午	2022	7.82523533557	2301244
491	保证	2022	7.12703666371	2303266
492	济发	2022	4.12421460823	2305288
493	自治	2019	5.56139999033	2307307
494	交部	2019	4.98668490391	2309326
495	良好	2015	8.25474817048	2311341
496	基金	2014	6.32832714587	2313355
497	首次	2012	6.62845511825	2315367
498	帮助	2009	10.182804227	2317376
499	此次	2008	5.74572806947	2319384
500	各地	2006	4.68284358355	2321390
501	价格	1998	8.31349092114	2323388
502	检查	1996	8.28639802142	2325384
503	运动	1994	6.05349799874	2327378
504	这里	1994	4.75846385097	2329372
505	采访	1989	8.04063400069	2331361
506	报记	1988	4.82026117138	2333349
507	比较	1983	8.27754699282	2335332
508	政协	1982	5.68328489211	2337314
509	办公	1977	5.66444709527	2339291
510	知道	1972	6.9158072878	2341263
511	卫生	1972	5.92241874429	2343235
512	变化	1968	6.57618312155	2345203
513	选举	1962	7.14803662124	2347165
514	体育	1961	6.37643128582	2349126
515	理论	1960	5.88079415659	2351086
516	公里	1956	5.27148769345	2353042
517	时代	1954	4.51046641889	2354996
518	持续	1953	7.35852547509	2356949
519	生态	1952	6.39854727957	2358901
520	日消	1948	5.31919713636	2360849
521	经贸	1947	6.13419800036	2362796
522	设施	1946	6.68578902371	2364742
523	代化	1945	5.32165212747	2366687
524	超过	1942	7.4043135543	2368629
525	产生	1942	4.42105185249	2370571
526	只是	1938	4.35533222811	2372509
527	欢迎	1932	11.2643086402	2374441
528	讨论	1932	8.92421122257	2376373
529	设计	1931	6.2051721704	2378304
530	系列	1930	7.26689285533	2380234
531	凤凰	1924	12.5376228359	2382158
532	附图	1920	9.41947314208	2384078
533	随着	1919	8.29268839548	2385997
534	新世	1918	4.76133286338	2387915
535	认识	1917	7.60548180593	2389832
536	多云	1917	7.12601101332	2391749
537	形式	1915	7.70005462493	2393664
538	面对	1915	3.82112857183	2395579
539	文章	1914	8.00331750082	2397493
540	各级	1913	6.9214426938	2399406
541	个代	1910	4.28969186491	2401316
542	题上	1910	4.09674654295	2403226
543	十二	1909	5.75052337385	2405135
544	协会	1908	4.82723469975	2407043
545	军队	1906	5.37771658815	2408949
546	家庭	1904	7.15698715365	2410853
547	带来	1904	6.19269338263	2412757
548	实践	1897	8.42943441447	2414654
549	时期	1897	4.93515359098	2416551
550	引起	1896	7.43359985814	2418447
551	举办	1894	7.17665334178	2420341
552	协议	1890	6.81507716478	2422231
553	一项	1888	3.80372956954	2424119
554	海军	1886	5.11551489017	2426005
555	经验	1885	6.63180729402	2427890
556	或者	1879	6.39452844835	2429769
557	民党	1879	4.5499759289	2431648
558	人类	1875	5.08840196967	2433523
559	卫视	1873	7.74333311357	2435396
560	考虑	1872	10.5909727206	2437268
561	更多	1871	5.58215627225	2439139
562	更加	1861	5.79574985022	2441000
563	出席	1856	5.60687570601	2442856
564	副主	1855	6.27515119763	2444711
565	自然	1855	5.66823921462	2446566
566	关键	1849	8.36436660491	2448415
567	案件	1849	7.04849461062	2450264
568	自由	1849	5.60912722207	2452113
569	表明	1848	4.82661122061	2453961
570	及其	1842	5.57637593171	2455803
571	百分	1839	6.22889058591	2457642
572	明显	1832	7.28289072088	2459474
573	规划	1829	7.35926272308	2461303
574	共产	1828	5.65118563541	2463131
575	凰卫	1815	10.389340196	2464946
576	才能	1812	6.39467470307	2466758
577	意识	1811	7.29190352338	2468569
578	真正	1811	7.12437735549	2470380
579	艺术	1810	8.85116770574	2472190
580	场经	1806	4.25919730177	2473996
581	祖国	1801	5.60709791542	2475797
582	事务	1797	4.77733803282	2477594
583	共和	1792	3.81527505535	2479386
584	选择	1791	9.68779299952	2481177
585	电子	1789	5.50289634456	2482966
586	素质	1788	9.17413812862	2484754
587	出版	1786	6.81529855866	2486540
588	不少	1783	4.64210774652	2488323
589	无法	1778	5.17537752905	2490101
590	改善	1776	7.88222039043	2491877
591	投入	1772	6.19885984351	2493649
592	联系	1765	5.85681307978	2495414
593	上午	1764	6.46840100394	2497178
594	华盛	1758	8.53641022333	2498936
595	孩子	1753	8.98344846122	2500689
596	居民	1752	6.52862874766	2502441
597	盛顿	1751	10.9029461134	2504192
598	表现	1751	4.23617779012	2505943
599	告诉	1748	9.11815098864	2507691
600	民币	1748	7.02951859183	2509439
601	小时	1744	4.67082290819	2511183
602	利亚	1742	6.10387702422	2512925
603	汽车	1737	10.2632228595	2514662
604	确定	1735	6.25170487512	2516397
605	斗争	1734	8.80405179734	2518131
606	地位	1730	4.61097924593	2519861
607	西藏	1729	8.51386987008	2521590
608	组成	1728	4.8234805778	2523318
609	部署	1727	6.83588826608	2525045
610	执法	1727	6.26325573209	2526772
611	成果	1726	5.40423006412	2528498
612	现场	1726	4.6899428038	2530224
613	公布	1723	5.10404786031	2531947
614	广泛	1721	9.55724817665	2533668
615	石油	1714	10.1402683161	2535382
616	办法	1705	5.18399380817	2537087
617	强烈	1703	8.04716360117	2538790
618	集中	1696	4.0425592462	2540486
619	论坛	1695	9.45797159569	2542181
620	增强	1695	6.08996753757	2543876
621	突出	1695	6.00561939795	2545571
622	培训	1692	10.4676518017	2547263
623	职工	1689	6.04901541056	2548952
624	业务	1689	4.24764759568	2550641
625	现象	1686	6.69966259123	2552327
626	安排	1685	7.36875446836	2554012
627	死亡	1683	10.54834221	2555695
628	势力	1683	5.84497120509	2557378
629	就业	1683	3.94303967903	2559061
630	社北	1679	5.02944913481	2560740
631	感到	1677	5.67320366541	2562417
632	巨大	1672	6.29365489044	2564089
633	儿童	1670	10.8765208541	2565759
634	最终	1666	7.66263043701	2567425
635	产党	1666	5.42174024082	2569091
636	表团	1664	5.74402729329	2570755
637	应当	1664	5.68724649453	2572419
638	基层	1663	7.51444998461	2574082
639	电影	1662	6.49326112556	2575744
640	减少	1661	8.92109699411	2577405
641	空间	1661	6.66773544713	2579066
642	飞行	1660	5.46515736239	2580726
643	分之	1659	4.67347734643	2582385
644	态度	1654	7.10209954729	2584039
645	反映	1651	9.39480738154	2585690
646	生命	1646	6.285610346	2587336
647	来越	1645	6.01937781865	2588981
648	革命	1641	8.56183121093	2590622
649	左右	1636	11.9220435822	2592258
650	相信	1634	6.3193492013	2593892
651	越来	1634	6.00969821817	2595526
652	每年	1634	5.45383675348	2597160
653	困难	1630	9.32168284725	2598790
654	进口	1623	5.20785095393	2600413
655	指导	1617	6.07580729201	2602030
656	有限	1612	5.55781281844	2603642
657	再次	1611	6.71981862764	2605253
658	说明	1610	4.59288554465	2606863
659	价值	1609	9.15087009887	2608472
660	统计	1609	5.86224894581	2610081
661	大量	1608	4.18583881896	2611689
662	纽约	1606	10.2554963679	2613295
663	近日	1605	4.72677162509	2614900
664	队伍	1602	9.11228884996	2616502
665	京市	1602	4.98483302748	2618104
666	首先	1599	7.34025800737	2619703
667	近年	1596	4.47351011312	2621299
668	训练	1593	10.3198482204	2622892
669	发布	1592	4.21704878314	2624484
670	当前	1589	4.67690074476	2626073
671	火箭	1588	10.86477385	2627661
672	面临	1588	7.65611741049	2629249
673	新社	1588	3.87826746201	2630837
674	警方	1587	5.82416705092	2632424
675	专业	1587	5.29914275897	2634011
676	学院	1583	5.03874125258	2635594
677	范围	1579	9.62044699269	2637173
678	昨天	1575	8.23323800546	2638748
679	除了	1572	5.267152444	2640320
680	一切	1572	4.41690587966	2641892
681	尽管	1569	8.15566991023	2643461
682	秩序	1560	11.9352488992	2645021
683	相当	1559	5.71906706502	2646580
684	拥有	1558	6.62291025967	2648138
685	责人	1558	4.17988051111	2649696
686	手段	1556	8.10868934058	2651252
687	报讯	1555	6.64608703906	2652807
688	进步	1552	5.0752625956	2654359
689	司法	1552	4.85700845034	2655911
690	小组	1549	5.88304307785	2657460
691	整个	1549	5.1170156143	2659009
692	另外	1543	7.28411476883	2660552
693	一样	1542	3.81711260151	2662094
694	如此	1541	5.89543671407	2663635
695	程度	1537	5.8584055235	2665172
696	仍然	1530	8.09387708751	2666702
697	奥运	1529	8.79192118952	2668231
698	一条	1523	3.85896084124	2669754
699	航空	1519	7.99026303146	2671273
700	伊朗	1517	9.32376300451	2672790
701	很大	1516	4.27890185325	2674306
702	资料	1515	7.5017528818	2675821
703	导致	1514	7.30767241704	2677335
704	交通	1512	5.88321769461	2678847
705	装备	1511	8.35930052102	2680358
706	符合	1510	8.43965358758	2681868
707	做好	1510	6.54281791928	2683378
708	治理	1509	5.01450705281	2684887
709	进党	1508	4.46983174113	2686395
710	事情	1505	4.86588509995	2687900
711	然而	1503	5.60259814562	2689403
712	广东	1502	6.72763805573	2690905
713	需求	1499	7.55881023105	2692404
714	先生	1492	5.25145559135	2693896
715	利于	1492	4.54301389599	2695388
716	道德	1491	6.17350961354	2696879
717	贡献	1486	12.0723632756	2698365
718	正确	1486	6.59885993169	2699851
719	只要	1486	4.88169952277	2701337
720	力度	1485	4.59492368824	2702822
721	大常	1485	4.12175716184	2704307
722	攻击	1484	9.12084302507	2705791
723	指挥	1478	8.14192866105	2707269
724	资产	1474	4.98965294461	2708743
725	加入	1473	4.85752860401	2710216
726	此外	1472	5.05555555808	2711688
727	第四	1471	6.25980747631	2713159
728	多次	1471	4.39063578835	2714630
729	多数	1466	5.30295951343	2716096
730	所谓	1461	8.98140530014	2717557
731	讲话	1459	8.46893183279	2719016
732	切实	1459	6.28333380454	2720475
733	土地	1459	5.88791245991	2721934
734	一批	1457	4.18695453179	2723391
735	今后	1456	5.09568673566	2724847
736	三十	1456	4.92522863194	2726303
737	严格	1454	7.53957117366	2727757
738	确保	1454	6.58718893201	2729211
739	挑战	1451	8.40887086896	2730662
740	妇女	1427	9.55677125952	2732089
741	先后	1424	5.75327110393	2733513
742	相互	1417	7.98934445423	2734930
743	高级	1417	5.78348940661	2736347
744	将于	1416	4.04245076346	2737763
745	台海	1414	4.41820917942	2739177
746	粮食	1413	11.3299064102	2740590
747	设备	1413	6.62833423957	2742003
748	因素	1410	7.98617504908	2743413
749	批准	1409	8.20939594942	2744822
750	机场	1407	4.55055865483	2746229
751	那么	1406	8.09940147104	2747635
752	那些	1406	6.91856277512	2749041
753	社记	1406	4.76636174194	2750447
754	锦涛	1403	11.9343977842	2751850
755	评论	1403	7.52217600901	2753253
756	胡锦	1402	11.2767520262	2754655
757	做出	1402	4.96167972546	2756057
758	展开	1400	3.84443587199	2757457
759	协调	1399	6.61007322768	2758856
760	声明	1398	6.94051972161	2760254
761	销售	1397	10.3373897854	2761651
762	坚决	1395	7.19135133507	2763046
763	内部	1392	4.05387901501	2764438
764	突破	1388	9.20428003718	2765826
765	涉及	1387	8.05879480595	2767213
766	医疗	1386	10.254568002	2768599
767	非法	1384	5.1213524402	2769983
768	巴格	1378	7.32713138943	2771361
769	状况	1377	9.14018921754	2772738
770	保险	1376	7.64065477341	2774114
771	湾问	1371	5.05399482298	2775485
772	承诺	1370	10.1964696811	2776855
773	民众	1370	4.88461578412	2778225
774	几个	1368	5.39059373812	2779593
775	留学	1367	6.82437464303	2780960
776	台北	1367	4.36250497986	2782327
777	报导	1366	4.42693158061	2783693
778	法规	1364	4.66368575756	2785057
779	体现	1364	4.36125370255	2786421
780	阿拉	1361	7.1538369158	2787782
781	事故	1349	7.33643306257	2789131
782	主权	1348	4.99521735881	2790479
783	移民	1347	6.3802749074	2791826
784	副总	1346	6.45193212932	2793172
785	几年	1346	4.9869492932	2794518
786	数字	1345	8.28925099351	2795863
787	批评	1345	8.28878665253	2797208
788	商业	1343	4.89332321739	2798551
789	格达	1340	6.50953965269	2799891
790	特色	1339	7.08628120201	2801230
791	令人	1338	4.88911629352	2802568
792	迅速	1337	10.8261829276	2803905
793	签署	1337	10.2715101437	2805242
794	商品	1335	6.61708681526	2806577
795	合理	1334	4.04642003633	2807911
796	贯彻	1331	11.9032463828	2809242
797	各项	1329	6.18997991248	2810571
798	星期	1327	7.25023384935	2811898
799	方案	1327	4.96494128591	2813225
800	民群	1323	5.24274060551	2814548
801	同意	1320	4.79591986112	2815868
802	区域	1314	6.81243043304	2817182
803	矛盾	1312	13.0015911158	2818494
804	逐步	1312	8.79668764627	2819806
805	权利	1310	5.62398166211	2821116
806	其它	1309	6.68464004749	2822425
807	必要	1309	5.05513882865	2823734
808	上述	1308	6.21700545413	2825042
809	进程	1305	4.59936459284	2826347
810	培养	1304	10.2187586603	2827651
811	少年	1303	4.49197583153	2828954
812	武装	1301	8.08841719321	2830255
813	尤其	1298	8.56492182373	2831553
814	改造	1298	6.33384491078	2832851
815	注意	1296	7.25818197814	2834147
816	破坏	1293	10.7176025626	2835440
817	战斗	1290	7.4119588095	2836730
818	危机	1290	7.17115202228	2838020
819	方向	1290	4.32736900434	2839310
820	之前	1290	4.29150204478	2840600
821	运会	1290	4.22285344145	2841890
822	首都	1289	6.22299029194	2843179
823	给予	1288	9.23342026098	2844467
824	教授	1282	8.56488722132	2845749
825	分裂	1282	8.25746874799	2847031
826	压力	1282	7.34307186621	2848313
827	正常	1276	6.05431761028	2849589
828	广州	1274	7.51678578148	2850863
829	转变	1273	7.53670835073	2852136
830	这位	1268	4.05243112083	2853404
831	其实	1267	4.18298598024	2854671
832	面积	1266	6.30299318016	2855937
833	朋友	1265	10.8084568912	2857202
834	秘书	1257	9.23795719702	2858459
835	宪法	1257	6.73734897533	2859716
836	九届	1253	8.66684138031	2860969
837	联盟	1252	7.543915725	2862221
838	效益	1251	7.90390529745	2863472
839	关心	1251	4.32055254797	2864723
840	公室	1249	6.94091894329	2865972
841	义务	1249	5.67711157781	2867221
842	反应	1248	5.96041310683	2868469
843	革开	1248	5.66622274095	2869717
844	药品	1247	8.08656035852	2870964
845	建筑	1245	8.32149268713	2872209
846	计算	1245	7.78671106787	2873454
847	违法	1240	6.72198671422	2874694
848	报北	1240	4.14636529209	2875934
849	用于	1240	4.01760513899	2877174
850	限制	1238	6.85084799999	2878412
851	研制	1238	5.48324471858	2879650
852	一般	1235	6.14180280088	2880885
853	局势	1234	6.47465304907	2882119
854	成绩	1233	7.55970233443	2883352
855	础上	1233	5.86872221547	2884585
856	日讯	1231	5.74313974228	2885816
857	清楚	1230	10.2341236277	2887046
858	士兵	1230	8.3083957973	2888276
859	乡镇	1227	9.49015293157	2889503
860	大型	1227	4.76388003357	2890730
861	海外	1226	4.64184805409	2891956
862	当然	1223	5.39073723495	2893179
863	太空	1222	7.7312881244	2894401
864	十六	1219	6.54776259248	2895620
865	恢复	1216	11.1340829194	2896836
866	座谈	1216	8.97589159587	2898052
867	适应	1216	8.11557042276	2899268
868	前往	1214	6.21544596352	2900482
869	贫困	1213	10.4870520275	2901695
870	治安	1210	5.26595399686	2902905
871	形象	1209	7.98750024536	2904114
872	重庆	1208	6.87586564409	2905322
873	曾经	1205	5.66568204492	2906527
874	年轻	1198	6.02421155349	2907725
875	这项	1198	4.44028386671	2908923
876	广告	1193	6.89184735244	2910116
877	纪念	1191	8.89949770482	2911307
878	交易	1189	6.8992495134	2912496
879	科研	1187	5.96698905426	2913683
880	党委	1187	5.36509832245	2914870
881	修改	1186	7.70589258215	2916056
882	据悉	1185	8.3873009344	2917241
883	西方	1178	4.37490335421	2918419
884	立即	1177	6.89362185917	2919596
885	现状	1174	6.7364280757	2920770
886	铁路	1172	8.74352389017	2921942
887	观念	1171	8.7765721277	2923113
888	况下	1171	6.25664190448	2924284
889	道路	1170	5.86681785684	2925454
890	五十	1170	5.40837188414	2926624
891	集体	1169	5.93505808553	2927793
892	教科	1167	5.17958605083	2928960
893	F基	1165	9.27853342029	2930125
894	际上	1165	3.99024266565	2931290
895	导干	1164	6.02889918129	2932454
896	及时	1163	4.00984727012	2933617
897	朱F	1161	12.3670968277	2934778
898	基斯	1161	5.24884435171	2935939
899	始终	1160	8.76485770656	2937099
900	放军	1160	5.46206315096	2938259
901	局长	1160	4.76687859376	2939419
902	购买	1158	10.270074456	2940577
903	冠军	1158	7.93692478231	2941735
904	对话	1156	4.53098210918	2942891
905	方针	1155	6.58196334072	2944046
906	邀请	1154	11.0344952469	2945200
907	运输	1153	9.11832010564	2946353
908	愿意	1151	7.37764352555	2947504
909	化建	1151	4.13862540763	2948655
910	证明	1150	6.06756805032	2949805
911	呼吁	1149	12.2469438863	2950954
912	南京	1149	5.78315169009	2952103
913	资本	1149	4.12913129993	2953252
914	贷款	1145	10.9796136532	2954397
915	承认	1144	7.38969641198	2955541
916	危险	1142	9.77239234171	2956683
917	非洲	1142	7.59638932893	2957825
918	演习	1141	8.32266339425	2958966
919	警察	1139	8.00259855349	2960105
920	网站	1139	7.86414719013	2961244
921	社区	1138	4.36353517785	2962382
922	速度	1136	6.80920379417	2963518
923	团结	1133	6.42482726477	2964651
924	回答	1132	9.13263143718	2965783
925	附近	1131	8.21654644075	2966914
926	巴基	1131	6.00105323437	2968045
927	四川	1129	8.8859742043	2969174
928	残疾	1128	11.8759453913	2970302
929	只能	1128	5.31568397065	2971430
930	警告	1127	7.39287534113	2972557
931	新技	1127	4.1385811664	2973684
932	下降	1125	7.17014594438	2974809
933	李鹏	1122	9.75006262743	2975931
934	南省	1122	6.48821742148	2977053
935	从事	1122	4.36307116807	2978175
936	合同	1122	3.88997630111	2979297
937	密切	1120	8.78165625372	2980417
938	专门	1120	6.52784106997	2981537
939	核心	1117	6.71282973803	2982654
940	国驻	1117	3.84777935529	2983771
941	拿大	1116	5.59729120899	2984887
942	主张	1116	4.95832246233	2986003
943	数据	1115	5.82928325975	2987118
944	谈判	1114	8.37338506337	2988232
945	党员	1113	4.55287110412	2989345
946	五年	1112	3.88036262895	2990457
947	紧张	1108	7.88134005691	2991565
948	费者	1108	5.4754805802	2992673
949	权力	1108	4.89182216647	2993781
950	理解	1108	4.68501731071	2994889
951	浙江	1107	10.2238384482	2995996
952	育活	1106	6.23343062877	2997102
953	拒绝	1104	11.1985091886	2998206
954	加拿	1104	7.04210047065	2999310
955	不足	1104	5.06126112436	3000414
956	难以	1104	4.99961950653	3001518
957	防御	1103	9.82006908414	3002621
958	空军	1103	5.44011772488	3003724
959	不久	1101	5.92018275346	3004825
960	丰富	1100	10.3255827751	3005925
961	普遍	1099	10.8016789201	3007024
962	尊重	1099	7.83504986339	3008123
963	职业	1099	5.18586198799	3009222
964	潜艇	1098	11.4755332829	3010320
965	申请	1098	9.78129108785	3011418
966	山东	1098	6.69029931996	3012516
967	担心	1092	7.17418443097	3013608
968	整体	1091	5.69469567585	3014699
969	设立	1091	4.99117420224	3015790
970	分钟	1090	7.79013949912	3016880
971	文件	1090	5.39037586116	3017970
972	内外	1090	4.48728783151	3019060
973	小学	1090	4.3638944606	3020150
974	担任	1088	7.23725707	3021238
975	吸引	1087	9.77925144619	3022325
976	决策	1087	6.40671550064	3023412
977	高层	1086	6.391801947	3024498
978	十三	1081	4.49558479948	3025579
979	取消	1080	6.55807372354	3026659
980	污染	1079	11.7413876033	3027738
981	并且	1077	7.05708546531	3028815
982	平均	1075	7.53066851277	3029890
983	限公	1074	6.2354198871	3030964
984	天下	1074	4.3294149752	3032038
985	达成	1073	4.13884052345	3033111
986	鼓励	1069	11.8224192756	3034180
987	怎么	1067	9.91983148218	3035247
988	各方	1067	4.05052070877	3036314
989	亚太	1066	7.20728353322	3037380
990	从而	1065	4.70601326654	3038445
991	直升	1064	8.14641777902	3039509
992	走向	1064	6.64256267306	3040573
993	斯科	1064	5.21569326954	3041637
994	优秀	1062	9.8159268318	3042699
995	届全	1062	6.01856268772	3043761
996	作风	1062	4.90614833617	3044823
997	小雨	1061	8.13042655038	3045884
998	顺利	1061	7.8456170929	3046945
999	连续	1059	7.73930724774	3048004
1000	财产	1059	6.59597136802	3049063
1001	避免	1058	11.2878242863	3050121
1002	舆论	1058	9.9365371651	3051179
1003	快速	1058	8.31431154292	3052237
1004	至今	1055	5.99559330595	3053292
1005	第十	1055	4.79875848641	3054347
1006	谈会	1054	4.14187079458	3055401
1007	肯定	1053	8.20015524049	3056454
1008	冲突	1052	9.83006789464	3057506
1009	州市	1051	5.77486197903	3058557
1010	四次	1051	5.47589307601	3059608
1011	状态	1050	8.89622324299	3060658
1012	河南	1050	7.49006141767	3061708
1013	作品	1050	4.21030977104	3062758
1014	外长	1049	3.85123305588	3063807
1015	自身	1048	5.63159067535	3064855
1016	公路	1047	4.99470572002	3065902
1017	损失	1046	9.73692149567	3066948
1018	少数	1046	6.65038930654	3067994
1019	趋势	1045	9.43576368075	3069039
1020	解释	1045	8.92548257621	3070084
1021	工商	1043	4.7717785512	3071127
1022	推出	1043	4.4995434018	3072170
1023	特点	1042	5.59738575573	3073212
1024	至少	1041	6.76486329431	3074253
1025	深化	1041	5.71120116836	3075294
1026	允许	1039	10.7244813853	3076333
1027	习教	1039	6.69300897659	3077372
1028	东西	1039	5.75978230562	3078411
1029	考察	1038	8.20760524832	3079449
1030	不知	1037	4.15439700311	3080486
1031	湖南	1036	8.21106728322	3081522
1032	升机	1036	6.36305603569	3082558
1033	几乎	1034	9.51973521175	3083592
1034	材料	1031	10.3225749061	3084623
1035	毛泽	1031	10.2376882936	3085654
1036	周年	1029	4.43993846403	3086683
1037	泽东	1028	7.59334177598	3087711
1038	程序	1027	8.03421399929	3088738
1039	道说	1027	3.92349918588	3089765
1040	援助	1026	9.40554117844	3090791
1041	腐败	1025	11.8162989667	3091816
1042	年底	1025	5.5467856938	3092841
1043	观众	1024	7.10270386973	3093865
1044	构调	1024	6.36975891954	3094889
1045	评估	1022	9.75293701	3095911
1046	经常	1022	4.49974215923	3096933
1047	主持	1020	4.23400833949	3097953
1048	外资	1019	4.38231570676	3098972
1049	掌握	1017	12.0396304104	3099989
1050	李洪	1016	9.11864826112	3101005
1051	百姓	1015	9.70275707555	3102020
1052	驻伊	1015	7.50869416967	3103035
1053	视台	1015	4.87599461985	3104050
1054	著名	1013	8.07697017335	3105063
1055	伟大	1013	5.13782135332	3106076
1056	评价	1010	7.80971945662	3107086
1057	遭到	1009	6.60326406384	3108095
1058	通知	1009	6.26066158224	3109104
1059	做法	1009	4.74286012536	3110113
1060	际社	1008	4.79269781408	3111121
1061	证券	1007	9.88541878579	3112128
1062	尔德	1006	6.65824716269	3113134
1063	洪志	1005	9.64536526328	3114139
1064	上升	1005	5.36940314246	3115144
1065	放弃	1002	9.48657439541	3116146
1066	副部	1000	5.08379875662	3117146
1067	使馆	998	7.67673283058	3118144
1068	深圳	996	10.406551202	3119140
1069	派出	996	5.52289994102	3120136
1070	审判	994	8.83199647312	3121130
1071	委书	994	5.8344080085	3122124
1072	满意	993	6.95396049091	3123117
1073	即将	993	6.03137640471	3124110
1074	并没	993	5.45868494145	3125103
1075	普通	989	6.94386563817	3126092
1076	尽快	988	8.52304932579	3127080
1077	找到	988	6.55674090927	3128068
1078	同样	987	5.36018040895	3129055
1079	一致	987	3.92070959895	3130042
1080	环保	983	6.2549732986	3131025
1081	疾人	983	5.91465586956	3132008
1082	书长	982	5.05019408377	3132990
1083	特殊	981	9.16484386388	3133971
1084	村民	981	4.48563298777	3134952
1085	海关	981	3.83066519121	3135933
1086	双边	980	8.22945165252	3136913
1087	月二	980	4.276157649	3137893
1088	多种	980	4.20501963837	3138873
1089	毕业	977	7.47439176624	3139850
1090	协商	977	6.55422074808	3140827
1091	议题	977	4.66472860271	3141804
1092	各界	976	5.37769916058	3142780
1093	平等	975	4.65504302528	3143755
1094	争取	972	6.27880473504	3144727
1095	察机	971	5.88767478053	3145698
1096	如今	968	5.36440767275	3146666
1097	月份	967	6.121886164	3147633
1098	要思	967	4.63974046978	3148600
1099	来源	966	5.08902511699	3149566
1100	预算	965	8.80119049607	3150531
1101	莫斯	965	8.43748125381	3151496
1102	探索	963	10.5853199114	3152459
1103	宗教	963	8.17464626435	3153422
1104	多万	963	4.27431871555	3154385
1105	市委	963	4.21118877391	3155348
1106	供了	963	4.20389612929	3156311
1107	多名	962	3.90449324062	3157273
1108	也就	961	3.83468773484	3158234
1109	整顿	957	8.16677806866	3159191
1110	能源	957	5.5475221349	3160148
1111	无论	955	6.14583514933	3161103
1112	防止	954	7.66115902371	3162057
1113	信心	954	5.1658748121	3163011
1114	治区	951	4.77888355831	3163962
1115	仪式	948	9.09517184907	3164910
1116	女排	948	7.62328797491	3165858
1117	核武	948	7.61548828385	3166806
1118	央政	947	5.11304168251	3167753
1119	领土	946	6.86483474147	3168699
1120	处于	946	4.82419923463	3169645
1121	访美	946	4.14453894861	3170591
1122	为什	946	4.06180637048	3171537
1123	商务	945	5.29538328957	3172482
1124	江苏	944	8.28196757219	3173426
1125	一份	943	4.12976864632	3174369
1126	海峡	942	8.22781461848	3175311
1127	十七	941	6.7625049955	3176252
1128	公共	941	4.1224543763	3177193
1129	福建	940	6.47605142858	3178133
1130	科书	939	5.70397545737	3179072
1131	百万	938	6.22290525627	3180010
1132	台商	937	4.6742143689	3180947
1133	拉伯	936	8.43126805424	3181883
1134	济增	936	5.20836978909	3182819
1135	勒斯	935	8.47588616569	3183754
1136	执政	934	5.40373622874	3184688
1137	天津	933	8.31293378677	3185621
1138	采用	933	5.64771830829	3186554
1139	二月	933	4.20525298085	3187487
1140	扶贫	931	11.3291509935	3188418
1141	风险	931	8.27719381796	3189349
1142	女子	931	5.86040131405	3190280
1143	文学	931	3.8292887559	3191211
1144	十四	929	5.19440658274	3192140
1145	草案	928	8.40948258388	3193068
1146	通信	927	5.20663903315	3193995
1147	续发	927	4.36456334385	3194922
1148	数量	926	6.2382438632	3195848
1149	日益	926	4.55824919263	3196774
1150	维持	924	6.52655689537	3197698
1151	心理	923	4.13538347688	3198621
1152	权益	922	6.63177114689	3199543
1153	比亚	920	5.8973405478	3200463
1154	食品	919	7.96517939596	3201382
1155	四十	919	5.17879284765	3202301
1156	政权	915	4.18691206664	3203216
1157	网上	915	3.91561491273	3204131
1158	复杂	914	10.0303280564	3205045
1159	表达	914	4.21258926137	3205959
1160	生物	913	4.71617570922	3206872
1161	审议	912	6.55766194456	3207784
1162	功能	912	5.305252379	3208696
1163	议员	912	4.16138224699	3209608
1164	澳门	911	8.29788708958	3210519
1165	城镇	909	8.12044551353	3211428
1166	访时	908	4.38075419969	3212336
1167	受伤	906	7.43720535068	3213242
1168	觉得	905	7.41225211381	3214147
1169	不再	905	4.02738228771	3215052
1170	局面	904	4.66480150074	3215956
1171	友谊	903	10.6169282556	3216859
1172	纷纷	902	10.9966343437	3217761
1173	预计	902	6.80669612414	3218663
1174	部副	902	4.93499809522	3219565
1175	投票	900	7.51802370914	3220465
1176	要把	900	4.11045109104	3221365
1177	纺织	899	10.0974319364	3222264
1178	纲要	899	7.31463305116	3223163
1179	伊斯	899	5.51318095826	3224062
1180	当天	899	4.19760729614	3224961
1181	属于	898	6.50730519432	3225859
1182	研讨	897	7.93211642065	3226756
1183	应用	897	4.50668208279	3227653
1184	巴勒	896	9.20439645851	3228549
1185	电信	896	4.74860454962	3229445
1186	连战	895	6.08911785108	3230340
1187	奋斗	894	10.4845938407	3231234
1188	软件	894	9.00723031303	3232128
1189	十八	893	6.32315639771	3233021
1190	滋病	891	10.6882191426	3233912
1191	两名	890	4.34890768867	3234802
1192	身份	889	8.00565710456	3235691
1193	启动	887	7.29958520266	3236578
1194	禁止	886	9.87158387672	3237464
1195	李登	886	8.14394508662	3238350
1196	联网	885	5.61527517643	3239235
1197	团体	885	5.31853257196	3240120
1198	春节	884	8.53190012449	3241004
1199	机遇	884	6.94458571825	3241888
1200	主管	884	4.24020074434	3242772
1201	谈话	883	6.85947053546	3243655
1202	登辉	882	10.5368024704	3244537
1203	日晚	882	5.6027262196	3245419
1204	新型	882	5.20519215045	3246301
1205	律师	880	8.18860388796	3247181
1206	各类	880	6.62724444243	3248061
1207	模式	878	7.50823890182	3248939
1208	反恐	878	7.40225156794	3249817
1209	你们	878	5.85729516416	3250695
1210	男子	877	7.40415404014	3251572
1211	演出	876	4.78283630801	3252448
1212	不满	876	4.65836874029	3253324
1213	湾当	874	4.67157470792	3254198
1214	办理	872	4.7434725562	3255070
1215	承担	871	8.82858110983	3255941
1216	也没	871	4.75332700224	3256812
1217	教师	870	6.6743477722	3257682
1218	离开	870	6.06790431421	3258552
1219	职务	869	5.75623182635	3259421
1220	还没	868	5.17475179938	3260289
1221	多少	868	4.77176608614	3261157
1222	抵达	867	7.95769941695	3262024
1223	比例	867	7.5594075772	3262891
1224	首相	866	5.99249192744	3263757
1225	似乎	865	11.0264830033	3264622
1226	官兵	864	7.63125412669	3265486
1227	强化	864	4.26139794648	3266350
1228	全省	860	4.55569212497	3267210
1229	繁荣	859	10.8592059121	3268069
1230	电脑	857	7.67003273139	3268926
1231	白宫	856	10.4122948466	3269782
1232	紧急	856	9.61043879052	3270638
1233	文艺	856	7.04439047482	3271494
1234	表演	856	5.43041446792	3272350
1235	互联	854	7.11375181243	3273204
1236	一旦	854	5.72315861543	3274058
1237	选手	853	6.09265457394	3274911
1238	开幕	852	7.01360932433	3275763
1239	每天	851	5.92378796872	3276614
1240	错误	850	11.4754616848	3277464
1241	费用	850	5.36283066946	3278314
1242	小平	850	4.90624593924	3279164
1243	官方	850	4.59045315092	3280014
1244	队员	848	4.14482893595	3280862
1245	运行	847	4.1178774547	3281709
1246	地震	845	6.7538656776	3282554
1247	引导	845	6.05513319354	3283399
1248	即使	842	6.78540144635	3284241
1249	实验	842	5.88574791894	3285083
1250	整治	841	5.78676732051	3285924
1251	儿子	838	6.74831656899	3286762
1252	它们	838	5.4385737681	3287600
1253	越南	836	6.73363602244	3288436
1254	绿色	835	9.01810115516	3289271
1255	炸弹	835	8.55374218324	3290106
1256	初步	835	7.59354164867	3290941
1257	教练	835	7.04521284942	3291776
1258	业结	834	3.94773192786	3292610
1259	第五	833	5.32060590373	3293443
1260	伙伴	832	12.2376563454	3294275
1261	感谢	831	9.02708490264	3295106
1262	效果	831	6.83344862861	3295937
1263	位于	831	4.21988353892	3296768
1264	同胞	830	7.93972571685	3297598
1265	标志	830	7.11628733489	3298428
1266	配合	830	6.36950348359	3299258
1267	每个	830	4.85686663621	3300088
1268	球化	829	5.40968243388	3300917
1269	共识	828	6.33080601387	3301745
1270	防卫	824	6.48288306957	3302569
1271	突然	821	6.82270382551	3303390
1272	终于	821	6.00949328959	3304211
1273	这么	821	4.5817503114	3305032
1274	胜利	820	6.98781396777	3305852
1275	产权	820	4.83915408056	3306672
1276	深刻	818	8.83831628305	3307490
1277	飞弹	816	7.33694907351	3308306
1278	通讯	816	6.74821776636	3309122
1279	阿富	815	8.27642050315	3309937
1280	履行	815	7.64018862042	3310752
1281	不愿	815	4.76489875384	3311567
1282	海南	813	5.04370194013	3312380
1283	重申	812	6.34387410626	3313192
1284	学术	812	4.35845755088	3314004
1285	试验	811	8.88678306553	3314815
1286	采购	811	8.42805515561	3315626
1287	容易	811	7.83621114445	3316437
1288	富汗	810	10.9115040364	3317247
1289	础设	810	6.78116323473	3318057
1290	推广	809	6.33263842308	3318866
1291	联邦	808	8.42581217837	3319674
1292	史上	808	4.5002533316	3320482
1293	降低	807	9.30610469748	3321289
1294	变成	807	4.57715274243	3322096
1295	会副	806	4.02210090932	3322902
1296	值得	803	6.46122214233	3323705
1297	停止	802	9.63880897025	3324507
1298	此间	802	4.66874660746	3325309
1299	泰国	800	4.68548836974	3326109
1300	足球	799	7.78150080949	3326908
1301	制宪	799	6.76095468078	3327707
1302	原来	799	4.29352320188	3328506
1303	艾滋	798	12.5498012014	3329304
1304	威尔	798	7.38356940314	3330102
1305	还将	798	3.87154915253	3330900
1306	层次	797	6.32935364295	3331697
1307	节目	797	6.1235877387	3332494
1308	刚刚	796	9.81640616418	3333290
1309	普京	796	6.64974700011	3334086
1310	境内	796	5.74126077446	3334882
1311	自卫	796	5.15737987756	3335678
1312	预防	795	7.02508475949	3336473
1313	协助	795	6.99738215363	3337268
1314	邓小	792	8.96362748072	3338060
1315	负担	791	8.38792542853	3338851
1316	河北	791	6.38616167146	3339642
1317	运用	791	4.979231467	3340433
1318	构成	791	4.66071425864	3341224
1319	侦察	790	9.88167804539	3342014
1320	接触	788	9.15486661278	3342802
1321	做到	788	4.36364484538	3343590
1322	追求	787	8.07911826337	3344377
1323	比如	787	5.36816940033	3345164
1324	总体	787	3.9970585771	3345951
1325	青少	786	7.42337640417	3346737
1326	方米	786	5.55525845965	3347523
1327	看法	786	4.14823702692	3348309
1328	载人	785	5.01335986354	3349094
1329	人均	785	4.48564293934	3349879
1330	围绕	784	11.1465495825	3350663
1331	土耳	783	10.3358087767	3351446
1332	武汉	782	8.61256395155	3352228
1333	耳其	782	8.26166868303	3353010
1334	算机	782	6.22936176752	3353792
1335	相比	781	5.40575544519	3354573
1336	农产	779	4.37981568303	3355352
1337	引发	779	4.22873690205	3356131
1338	多元	779	4.02009213498	3356910
1339	平与	779	3.89157316832	3357689
1340	观察	778	7.35600761152	3358467
1341	提案	778	5.03500615367	3359245
1342	抓住	776	9.08562681998	3360021
1343	差距	775	10.9643638391	3360796
1344	入世	775	4.71136158823	3361571
1345	来看	775	4.19450789928	3362346
1346	辽宁	774	11.7082949009	3363120
1347	交换	774	7.71882273238	3363894
1348	新疆	774	7.66055025829	3364668
1349	登记	774	6.89567501553	3365442
1350	究所	774	5.75376805824	3366216
1351	职能	773	5.1836183896	3366989
1352	湖北	772	7.09145601467	3367761
1353	岸关	772	5.62754271557	3368533
1354	路线	771	7.11560973149	3369304
1355	予以	771	5.99266788901	3370075
1356	什总	771	5.30986442543	3370846
1357	东北	770	4.88191639389	3371616
1358	法官	770	4.3329500944	3372386
1359	语言	769	8.55905446188	3373155
1360	意味	769	8.26064973781	3373924
1361	加坡	769	7.9285484586	3374693
1362	女儿	768	7.53728671035	3375461
1363	卫队	768	5.76805585163	3376229
1364	步加	767	4.56307882983	3376996
1365	好合	767	3.9394448243	3377763
1366	刑事	766	6.82901305979	3378529
1367	高校	765	5.75866984266	3379294
1368	类似	764	9.45678622648	3380058
1369	决议	764	4.79647570014	3380822
1370	位置	761	7.25739438146	3381583
1371	更好	761	5.18984181909	3382344
1372	广场	761	4.96546939555	3383105
1373	此前	761	3.85650082638	3383866
1374	条约	760	6.82863768904	3384626
1375	察院	759	6.36385324403	3385385
1376	东省	759	5.8478632189	3386144
1377	会晤	757	7.15603390365	3386901
1378	必然	757	6.16526027501	3387658
1379	缺乏	756	12.0761121567	3388414
1380	公斤	756	8.13922983729	3389170
1381	澳大	756	5.33785051172	3389926
1382	基因	756	4.72326018676	3390682
1383	前景	755	6.29785446894	3391437
1384	巴西	755	5.79667833667	3392192
1385	用户	754	6.15331565732	3392946
1386	热情	753	6.72339487337	3393699
1387	间谍	750	8.78111948923	3394449
1388	轨道	749	8.27685356542	3395198
1389	大幅	749	5.77035337402	3395947
1390	招待	748	9.50628335194	3396695
1391	信用	747	4.29291227571	3397442
1392	暴力	746	7.06353234189	3398188
1393	违反	742	7.64652988033	3398930
1394	竞选	742	7.33037164035	3399672
1395	收费	742	6.5470730969	3400414
1396	地球	742	4.25322397334	3401156
1397	治疗	741	7.87482304094	3401897
1398	平衡	740	8.3152777984	3402637
1399	高兴	740	5.91668707764	3403377
1400	东南	739	5.51789233058	3404116
1401	税收	738	7.30235938147	3404854
1402	安局	738	4.70795023746	3405592
1403	音乐	737	9.68199706125	3406329
1404	坚定	736	5.48206568529	3407065
1405	次访	736	5.06772815802	3407801
1406	什政	736	4.35398917884	3408537
1407	操作	735	7.00362565233	3409272
1408	决赛	735	5.81180606629	3410007
1409	治局	734	4.98134038554	3410741
1410	引进	734	4.67838563751	3411475
1411	婚姻	733	12.5422332985	3412208
1412	老师	733	7.68017997348	3412941
1413	查处	732	5.89033064253	3413673
1414	统布	732	4.73350207112	3414405
1415	经历	732	4.54305249237	3415137
1416	十九	730	5.58171358631	3415867
1417	危害	729	8.91917125318	3416596
1418	广播	729	8.32834611401	3417325
1419	随后	729	5.99142765105	3418054
1420	较大	729	4.24647773367	3418783
1421	九五	725	6.434500133	3419508
1422	成效	725	4.77578312541	3420233
1423	渠道	724	8.89898040444	3420957
1424	姚明	724	8.75281662216	3421681
1425	马克	722	6.11237472508	3422403
1426	年初	722	4.93501572498	3423125
1427	天气	721	5.60799314204	3423846
1428	身体	721	5.34889685332	3424567
1429	医生	721	5.0084130464	3425288
1430	证实	721	4.80185967591	3426009
1431	创作	721	4.41225802408	3426730
1432	谈到	720	4.34340837566	3427450
1433	博士	719	8.43401288919	3428169
1434	晚上	719	5.30833508131	3428888
1435	总结	718	4.61457497737	3429606
1436	损害	717	9.45569713862	3430323
1437	球队	717	5.68335117312	3431040
1438	使得	717	4.49134493982	3431757
1439	游客	716	8.03553635433	3432473
1440	鲍威	715	10.6533331851	3433188
1441	参观	715	6.65559526904	3433903
1442	东京	714	5.02031555409	3434617
1443	临时	713	5.75496765436	3435330
1444	高速	713	5.70590987508	3436043
1445	仅仅	712	7.93726084016	3436755
1446	被告	712	5.74343313432	3437467
1447	东亚	711	5.54537480596	3438178
1448	母亲	710	9.45529043136	3438888
1449	依然	710	6.53547413453	3439598
1450	货币	709	10.0239549535	3440307
1451	落后	708	5.68115280142	3441015
1452	公众	708	4.40687031756	3441723
1453	院长	708	3.99501759586	3442431
1454	法庭	707	5.76359160028	3443138
1455	真实	707	4.94964362114	3443845
1456	逐渐	706	10.9974858919	3444551
1457	高科	706	3.85660445057	3445257
1458	小姐	705	8.68336983447	3445962
1459	尼亚	705	7.33395890768	3446667
1460	怖分	703	6.59546073399	3447370
1461	满足	702	8.45225894948	3448072
1462	赢得	702	8.1517717017	3448774
1463	讨会	702	4.82261848114	3449476
1464	华侨	700	8.3056517713	3450176
1465	省委	699	5.31820481087	3450875
1466	她们	698	5.04339656162	3451573
1467	然后	698	4.2834525221	3452271
1468	抓好	697	6.7611054835	3452968
1469	证据	697	5.57959950558	3453665
1470	巩固	696	12.3922509867	3454361
1471	转移	696	8.05736995607	3455057
1472	带动	696	5.1026651772	3455753
1473	患者	695	7.21205528228	3456448
1474	清华	695	5.84301692259	3457143
1475	至于	695	4.53795344621	3457838
1476	巴黎	694	9.40187025454	3458532
1477	民警	694	4.30827682367	3459226
1478	万多	694	3.80171858029	3459920
1479	确实	693	4.68062376508	3460613
1480	主办	693	4.16173189503	3461306
1481	逮捕	691	12.451141609	3461997
1482	物质	691	6.5314555098	3462688
1483	近期	691	5.29922332805	3463379
1484	下去	691	4.5740861091	3464070
1485	英雄	690	9.24256424515	3464760
1486	态环	688	7.30306145998	3465448
1487	决心	688	4.62587522943	3466136
1488	热烈	686	8.94200485423	3466822
1489	失去	685	6.65921298928	3467507
1490	健全	685	5.45016983265	3468192
1491	天然	685	4.43537708429	3468877
1492	八十	683	5.93638180088	3469560
1493	息化	683	4.84793152811	3470243
1494	动物	683	4.61598143324	3470926
1495	回到	683	4.29306144341	3471609
1496	被捕	680	7.98397836946	3472289
1497	董事	680	7.3321552794	3472969
1498	大楼	680	5.35319659118	3473649
1499	不容	680	4.07354843426	3474329
1500	图书	679	6.29007396265	3475008
1501	访华	679	5.14577364363	3475687
1502	当选	679	4.7533882004	3476366
1503	争力	679	4.43537388722	3477045
1504	最好	679	4.31118757594	3477724
1505	制改	679	4.09041096206	3478403
1506	彻底	678	9.94217705824	3479081
1507	充满	678	8.60602428186	3479759
1508	赔偿	677	12.7710638432	3480436
1509	返回	677	9.26798846383	3481113
1510	生存	677	5.11441841934	3481790
1511	总局	677	4.4027063826	3482467
1512	经费	677	4.33720481615	3483144
1513	效率	676	7.39579540415	3483820
1514	办事	676	4.32278426505	3484496
1515	优化	675	5.65312041085	3485171
1516	绝对	675	5.19295537561	3485846
1517	总书	675	4.92208341667	3486521
1518	途径	674	11.6032292917	3487195
1519	半年	674	4.99031082865	3487869
1520	估计	673	8.02841063552	3488542
1521	克斯	673	4.80322531784	3489215
1522	半岛	672	9.19181886763	3489887
1523	安置	672	6.70704495722	3490559
1524	汇报	672	6.34551601018	3491231
1525	预报	672	5.11122919276	3491903
1526	武力	672	4.74604237368	3492575
1527	义市	672	4.32010121082	3493247
1528	转多	670	4.67298010417	3493917
1529	格鲁	669	8.44112179929	3494586
1530	父母	668	11.1282777485	3495254
1531	王伟	668	7.88737701955	3495922
1532	提升	668	6.04292459358	3496590
1533	分配	668	6.00305534507	3497258
1534	对象	668	4.4838887379	3497926
1535	理由	668	4.01345717242	3498594
1536	依靠	666	9.09396291413	3499260
1537	九九	666	7.16592317804	3499926
1538	完整	666	6.37467851889	3500592
1539	严打	666	6.27004546519	3501258
1540	依据	666	6.06997610009	3501924
1541	利比	666	4.53724732591	3502590
1542	角度	665	6.86868831531	3503255
1543	长李	664	4.53691429585	3503919
1544	那样	663	6.63368445779	3504582
1545	那里	662	5.90921025572	3505244
1546	安徽	660	8.91250266259	3505904
1547	沈阳	658	11.0827965068	3506562
1548	某些	658	7.13109618399	3507220
1549	圆满	656	10.5146565823	3507876
1550	将继	655	5.41156124944	3508531
1551	病毒	654	9.18058861535	3509185
1552	三峡	654	7.5979908079	3509839
1553	诉记	654	6.57741982035	3510493
1554	签订	653	10.2719354772	3511146
1555	观点	653	5.83124551501	3511799
1556	长江	653	4.60198622341	3512452
1557	理想	653	4.4761792922	3513105
1558	推行	653	3.80776064314	3513758
1559	周刊	652	8.93232943452	3514410
1560	显然	652	6.40005102937	3515062
1561	很好	652	5.20618375145	3515714
1562	场所	652	3.97422600262	3516366
1563	务卿	651	8.79782388994	3517017
1564	非典	651	8.19420100913	3517668
1565	妻子	650	8.53769498496	3518318
1566	职责	648	6.71881967753	3518966
1567	示范	648	6.17969297062	3519614
1568	神舟	647	10.3840899227	3520261
1569	司令	645	6.84738490398	3520906
1570	很快	645	6.63246750175	3521551
1571	布希	645	6.19479799274	3522196
1572	到底	645	5.4090279279	3522841
1573	营企	644	6.31516727855	3523485
1574	陆军	644	4.96917475829	3524129
1575	水资	643	4.19770174007	3524772
1576	教组	642	4.49407072677	3525414
1577	能否	641	5.78024616741	3526055
1578	午在	641	3.88876160628	3526696
1579	收到	640	3.91792221531	3527336
1580	考试	639	8.19836894041	3527975
1581	否认	639	6.72798655697	3528614
1582	理温	638	5.49161985731	3529252
1583	怎样	637	8.79443538933	3529889
1584	紧密	637	8.36249131446	3530526
1585	树立	637	7.10368165898	3531163
1586	女性	637	5.33041700606	3531800
1587	接待	634	7.23982192563	3532434
1588	条例	633	7.74722917639	3533067
1589	往往	633	7.66439516374	3533700
1590	具备	632	6.86371912056	3534332
1591	读者	632	6.44046942554	3534964
1592	自杀	632	6.39563938285	3535596
1593	性质	632	5.46496578964	3536228
1594	陕西	631	9.40879347504	3536859
1595	并非	631	5.23772993227	3537490
1596	海洋	630	7.30789129816	3538120
1597	六十	630	5.59548820025	3538750
1598	吉亚	629	7.5688524636	3539379
1599	蒙古	628	10.6557164892	3540007
1600	鲁吉	628	10.060927726	3540635
1601	摄影	628	8.47015381452	3541263
1602	演讲	628	7.76732378457	3541891
1603	故事	628	6.23337917852	3542519
1604	昨日	628	5.74074334555	3543147
1605	感觉	627	8.37483968613	3543774
1606	增收	627	5.60022558053	3544401
1607	南亚	627	5.44044400653	3545028
1608	界各	627	4.73928345582	3545655
1609	建交	627	3.90975420044	3546282
1610	谴责	626	10.4203746315	3546908
1611	种植	626	7.76053555455	3547534
1612	立委	626	4.24871528187	3548160
1613	简单	625	8.86837581946	3548785
1614	听取	625	7.3727146787	3549410
1615	绿化	625	6.80626242417	3550035
1616	北省	624	4.94650266161	3550659
1617	高达	624	3.85793941774	3551283
1618	专项	623	5.85452394742	3551906
1619	克思	623	5.76861353402	3552529
1620	六方	623	4.79266140101	3553152
1621	众多	623	4.26824963745	3553775
1622	侵略	622	9.19905368841	3554397
1623	族自	621	5.34158839075	3555018
1624	万吨	620	8.42121634641	3555638
1625	嫌疑	619	10.8043959715	3556257
1626	股份	619	8.70464463718	3556876
1627	千万	619	6.54084186023	3557495
1628	西省	619	5.38049665037	3558114
1629	待会	619	4.49148156937	3558733
1630	闻发	619	4.18541219108	3559352
1631	搞好	618	7.27007979473	3559970
1632	思路	618	6.43246013109	3560588
1633	西亚	618	5.16992599192	3561206
1634	太平	617	5.86524435078	3561823
1635	感染	616	8.62532874707	3562439
1636	升级	616	7.11426095117	3563055
1637	声称	616	7.01533934317	3563671
1638	留下	616	6.14049535731	3564287
1639	唯一	615	5.75108656226	3564902
1640	识到	615	4.45187917221	3565517
1641	想到	615	3.84027562339	3566132
1642	距离	614	9.88646940092	3566746
1643	背景	613	10.0939845584	3567359
1644	探测	613	9.38120007744	3567972
1645	而言	613	5.22788948137	3568585
1646	把握	612	8.46017248705	3569197
1647	飞船	612	8.30184527255	3569809
1648	交往	612	6.19208224185	3570421
1649	水利	612	3.9966925129	3571033
1650	秘密	611	9.42734382812	3571644
1651	云南	611	6.92097110403	3572255
1652	家属	611	5.41269026946	3572866
1653	十万	610	4.20438928287	3573476
1654	展览	609	7.67422207702	3574085
1655	供应	609	5.949735009	3574694
1656	手机	609	4.43010145791	3575303
1657	激烈	608	9.45564996271	3575911
1658	班子	608	6.83261548699	3576519
1659	很难	608	6.35245608093	3577127
1660	确认	606	5.57054679953	3577733
1661	步伐	605	9.46226212102	3578338
1662	审批	605	7.43260592322	3578943
1663	怀疑	604	10.2087961588	3579547
1664	味着	604	8.23680079426	3580151
1665	山西	604	5.65483562795	3580755
1666	项工	604	4.00252030868	3581359
1667	规则	603	6.01707985346	3581962
1668	感受	603	5.88522555514	3582565
1669	走私	602	8.51844671984	3583167
1670	候选	602	7.16436231524	3583769
1671	制裁	602	6.9421963601	3584371
1672	照片	601	7.43481203669	3584972
1673	报纸	601	7.31226972326	3585573
1674	苏联	601	6.87329099424	3586174
1675	占领	601	6.76843769849	3586775
1676	岛内	601	6.51825106429	3587376
1677	不够	601	4.6615228573	3587977
1678	企图	600	5.76572425574	3588577
1679	斯兰	599	6.6089914585	3589176
1680	移动	599	5.84729990714	3589775
1681	身上	599	3.86337748122	3590374
1682	艰苦	598	11.3323310857	3590972
1683	姆斯	598	6.56485931538	3591570
1684	尚未	597	9.04786826386	3592167
1685	阳市	596	5.90200090665	3592763
1686	克战	596	4.29597494846	3593359
1687	面向	596	3.85951596993	3593955
1688	资格	595	5.01337514099	3594550
1689	相应	595	4.8116728563	3595145
1690	平统	595	4.18569279233	3595740
1691	伦敦	594	12.0637320694	3596334
1692	拉姆	594	6.4876100269	3596928
1693	几十	594	5.26146323284	3597522
1694	名单	593	5.53289724757	3598115
1695	可持	593	3.99250825244	3598708
1696	本身	592	4.49040581338	3599300
1697	追究	591	8.27604664929	3599891
1698	遇到	591	5.6988235526	3600482
1699	资企	591	4.54467183377	3601073
1700	走出	591	4.20940445421	3601664
1701	万亩	590	8.53767310737	3602254
1702	吉林	590	8.08597983723	3602844
1703	世贸	590	5.73540755954	3603434
1704	父亲	589	9.61446674367	3604023
1705	利伟	589	6.22839963837	3604612
1706	表态	588	4.98272501437	3605200
1707	失业	588	4.73313888964	3605788
1708	本质	588	4.41344174385	3606376
1709	速发	588	4.3006634464	3606964
1710	华网	587	4.78213057623	3607551
1711	营业	587	4.50349543148	3608138
1712	咨询	586	13.2266972932	3608724
1713	痴迷	584	12.6051845171	3609308
1714	气象	584	7.38910281539	3609892
1715	客观	584	7.32821506012	3610476
1716	抗议	583	6.8824356104	3611059
1717	二次	583	4.14274838534	3611642
1718	种种	582	4.54585593296	3612224
1719	严厉	581	9.94514468833	3612805
1720	工具	581	4.61619576997	3613386
1721	西安	581	4.3371583723	3613967
1722	小泉	580	8.19325756863	3614547
1723	围内	579	6.28893825744	3615126
1724	杀伤	578	9.01164365262	3615704
1725	对抗	578	5.24919406876	3616282
1726	监管	577	6.00578745222	3616859
1727	品种	577	4.89358138458	3617436
1728	务委	577	3.93499432287	3618013
1729	沟通	574	8.43843125114	3618587
1730	练习	574	8.1882048048	3619161
1731	规律	573	6.12929022896	3619734
1732	典型	572	8.75006726341	3620306
1733	排除	572	7.75929047767	3620878
1734	演员	572	4.97437080336	3621450
1735	信任	572	4.49626763157	3622022
1736	优质	571	6.90588188349	3622593
1737	磋商	569	9.99681142526	3623162
1738	墨西	569	8.91343192581	3623731
1739	文物	567	4.94921749891	3624298
1740	西哥	566	8.06265388802	3624864
1741	自觉	566	6.44694370811	3625430
1742	钢铁	565	10.3248517084	3625995
1743	喜欢	565	9.98346484931	3626560
1744	许可	564	5.21635973352	3627124
1745	其琛	563	8.87941983733	3627687
1746	杨利	563	6.6106049178	3628250
1747	海域	563	5.70141959149	3628813
1748	自焚	562	8.50700240345	3629375
1749	钱其	562	6.15209345558	3629937
1750	普及	562	6.09902716471	3630499
1751	角色	561	8.19775810356	3631060
1752	太阳	561	8.09367279591	3631621
1753	伤亡	560	9.09393823737	3632181
1754	外汇	560	6.58741018556	3632741
1755	老百	560	6.45089905202	3633301
1756	济秩	559	7.74315900057	3633860
1757	术产	559	4.27120699	3634419
1758	越多	558	4.70583205963	3634977
1759	实质	558	4.40880403585	3635535
1760	策略	557	6.92032776895	3636092
1761	联赛	557	5.41072230765	3636649
1762	出售	557	5.19393649308	3637206
1763	直到	557	4.03634722288	3637763
1764	伤害	555	8.27878090379	3638318
1765	课题	555	7.27144982733	3638873
1766	审查	555	6.55284276418	3639428
1767	感情	555	5.38714211297	3639983
1768	诉讼	554	11.7423561139	3640537
1769	公园	554	5.85860675191	3641091
1770	识产	554	5.16137935042	3641645
1771	绝不	554	4.44576245287	3642199
1772	特区	554	4.14350126015	3642753
1773	扩散	553	10.0249784316	3643306
1774	注重	552	5.16610954939	3643858
1775	合格	552	4.4166922141	3644410
1776	传播	551	8.34462558041	3644961
1777	愿望	550	7.53416888827	3645511
1778	院副	550	5.71852012553	3646061
1779	会堂	549	5.69905271652	3646610
1780	月底	549	5.58829507541	3647159
1781	手术	549	5.39484117376	3647708
1782	以往	549	4.43043300472	3648257
1783	失败	548	8.79052622396	3648805
1784	相结	548	4.8939710542	3649353
1785	最佳	547	7.60964204172	3649900
1786	转化	547	4.90051682113	3650447
1787	段时	547	4.6282593598	3650994
1788	支付	546	8.16071387413	3651540
1789	岗位	546	8.01674640586	3652086
1790	股市	546	5.7380218795	3652632
1791	纪录	545	8.37139028002	3653177
1792	埃及	545	7.98245717511	3653722
1793	消防	544	5.71610743311	3654266
1794	爆发	544	4.98214693442	3654810
1795	严肃	542	9.6580694538	3655352
1796	菲尔	542	8.53958202283	3655894
1797	亲切	542	7.49793490741	3656436
1798	试图	542	7.37043210073	3656978
1799	神文	542	5.28019639428	3657520
1800	也许	542	5.07468238303	3658062
1801	宏观	541	9.15793274461	3658603
1802	知名	541	5.20269705107	3659144
1803	侵犯	540	9.17725573282	3659684
1804	得更	540	4.41845730027	3660224
1805	监狱	539	10.2606148921	3660763
1806	无疑	539	7.32409264093	3661302
1807	垃圾	538	14.6462510748	3661840
1808	分歧	537	7.85989184115	3662377
1809	不懈	537	7.07371695963	3662914
1810	权威	537	6.55280258347	3663451
1811	京举	537	4.76938701269	3663988
1812	环节	536	6.95483836281	3664524
1813	乐部	536	5.08141137135	3665060
1814	往来	536	4.58694253419	3665596
1815	球员	536	4.49828732448	3666132
1816	气氛	535	10.2272115924	3666667
1817	总额	535	6.16870279564	3667202
1818	女士	535	6.15642339595	3667737
1819	第九	535	5.53571016253	3668272
1820	俱乐	534	11.0492495353	3668806
1821	弹防	534	6.16457878407	3669340
1822	布莱	533	8.08985527373	3669873
1823	检验	533	7.65266239389	3670406
1824	九十	533	5.1279526553	3670939
1825	抵抗	532	9.7691788332	3671471
1826	永远	532	9.14131448867	3672003
1827	话题	532	4.75926814919	3672535
1828	议案	532	4.75898953019	3673067
1829	消除	531	6.79797077559	3673598
1830	利润	530	8.22605865337	3674128
1831	北约	529	5.06526975858	3674657
1832	成熟	528	6.98083808653	3675185
1833	七十	528	5.92884820213	3675713
1834	怖主	528	5.92438027392	3676241
1835	指标	528	5.47643618895	3676769
1836	核问	528	5.13371447103	3677297
1837	对待	528	4.6427823405	3677825
1838	常务	528	4.49850725941	3678353
1839	带领	527	5.7113810787	3678880
1840	局局	527	4.65867385103	3679407
1841	寻求	526	8.18867839354	3679933
1842	方便	526	5.35491595473	3680459
1843	防治	526	4.89652106966	3680985
1844	车辆	525	8.91013829089	3681510
1845	首脑	525	8.18044889409	3682035
1846	披露	524	11.2130190259	3682559
1847	涉嫌	522	10.4978435869	3683081
1848	济结	522	4.33702308121	3683603
1849	公约	522	4.25084920165	3684125
1850	为止	522	4.23483389785	3684647
1851	林业	522	4.06132367984	3685169
1852	股票	521	8.73607673278	3685690
1853	江省	521	5.82162736405	3686211
1854	医学	521	4.81604531726	3686732
1855	言论	520	5.96602594843	3687252
1856	争议	520	4.8220410698	3687772
1857	制约	520	4.65572180977	3688292
1858	科院	520	4.26815909907	3688812
1859	之际	520	4.02654078688	3689332
1860	总值	519	5.80577302393	3689851
1861	指责	519	5.56151138041	3690370
1862	几天	519	5.02320548865	3690889
1863	广西	519	5.02135359424	3691408
1864	斯特	518	4.47775157706	3691926
1865	季度	517	7.17370146845	3692443
1866	思考	517	6.89541971089	3692960
1867	试点	517	6.5265223905	3693477
1868	创业	517	4.10723088776	3693994
1869	三通	517	3.82021354338	3694511
1870	凌晨	516	12.4291291583	3695027
1871	显著	516	8.86613536149	3695543
1872	福州	516	7.73152832234	3696059
1873	平洋	516	7.23826837203	3696575
1874	服装	516	6.92117939809	3697091
1875	要坚	516	4.02221856181	3697607
1876	年龄	515	6.10051625346	3698122
1877	江西	514	5.2610075742	3698636
1878	云转	513	7.33337141739	3699149
1879	性武	511	5.17875013668	3699660
1880	外贸	511	4.9764491509	3700171
1881	疑人	511	4.11391268626	3700682
1882	两位	511	3.88459697647	3701193
1883	青岛	510	8.30484730042	3701703
1884	李瑞	509	7.99254944447	3702212
1885	幅度	509	7.19178669185	3702721
1886	亚欧	509	6.32305073558	3703230
1887	让我	509	4.57646248306	3703739
1888	一套	509	4.41613922957	3704248
1889	牺牲	508	14.3312498008	3704756
1890	寻找	508	10.3975930911	3705264
1891	截至	508	8.87453962458	3705772
1892	顾问	508	6.37829001562	3706280
1893	配套	507	9.51162452027	3706787
1894	情绪	507	9.02498011963	3707294
1895	东盟	507	6.48041286607	3707801
1896	税务	507	5.63466984647	3708308
1897	界杯	506	8.37120620213	3708814
1898	接近	506	5.30920711872	3709320
1899	监测	505	7.78873048108	3709825
1900	清理	505	4.70971798172	3710330
1901	会稳	505	3.99139553827	3710835
1902	退休	504	10.5678389553	3711339
1903	刘涌	504	10.3604941079	3711843
1904	享受	504	8.37586208107	3712347
1905	致富	504	7.70103779065	3712851
1906	哈尔	504	7.62772066656	3713355
1907	否则	503	7.4228828869	3713858
1908	近几	503	5.95610433806	3714361
1909	领先	502	5.00850257647	3714863
1910	流动	502	4.33209769641	3715365
1911	框架	500	12.0570426122	3715865
1912	瑞环	500	8.37738359876	3716365
1913	时刻	500	5.83894746676	3716865
1914	让他	500	4.39512722447	3717365
1915	领袖	499	9.43131352613	3717864
1916	贵州	499	8.5950991022	3718363
1917	准确	499	6.30352965244	3718862
1918	并未	499	5.40502320629	3719361
1919	本届	499	5.05685706678	3719860
1920	由此	499	4.28473736878	3720359
1921	思主	499	4.25489330358	3720858
1922	处罚	498	8.46681953493	3721356
1923	三百	498	4.77517321714	3721854
1924	得很	498	4.54101005691	3722352
1925	娱乐	497	11.5041459345	3722849
1926	品牌	497	7.35654154842	3723346
1927	宣言	497	6.81476349876	3723843
1928	防范	497	6.4048436289	3724340
1929	影片	497	6.34925595886	3724837
1930	第六	497	5.65573637212	3725334
1931	纳税	496	8.14500268319	3725830
1932	开拓	496	7.46207308916	3726326
1933	同努	496	5.64269574772	3726822
1934	代价	496	5.14617181602	3727318
1935	院院	495	4.44918449842	3727813
1936	敏感	494	9.10428851474	3728307
1937	叙利	494	8.43474026802	3728801
1938	参谋	494	8.30911720953	3729295
1939	障碍	493	11.1463951167	3729788
1940	酒店	492	10.712124291	3730280
1941	抓获	492	7.8516353009	3730772
1942	受害	492	6.37151486364	3731264
1943	织品	492	5.35323470403	3731756
1944	原子	492	4.79377434879	3732248
1945	罪行	492	4.34858395479	3732740
1946	协定	492	4.30027010934	3733232
1947	件下	492	4.0649498911	3733724
1948	派遣	491	10.9269331372	3734215
1949	黄河	491	8.2615534524	3734706
1950	给我	491	4.15376467168	3735197
1951	舞台	490	6.52650242454	3735687
1952	不敢	490	5.92453000593	3736177
1953	驻华	490	5.89513641377	3736667
1954	外商	490	4.16840908603	3737157
1955	百多	490	4.09895516374	3737647
1956	势头	489	6.12667718761	3738136
1957	央军	489	4.74744294375	3738625
1958	划纲	488	8.99860495731	3739113
1959	判决	488	6.29990671083	3739601
1960	过境	488	4.67022648002	3740089
1961	年春	488	4.30200117009	3740577
1962	话说	488	4.07032784072	3741065
1963	遏制	487	8.62226696539	3741552
1964	预测	487	7.9895102181	3742039
1965	医药	487	7.81898892413	3742526
1966	太极	487	6.59666410219	3743013
1967	兴趣	485	10.4854721328	3743498
1968	明白	485	5.75368822572	3743983
1969	军官	485	4.28126174213	3744468
1970	森林	484	8.65039325928	3744952
1971	纳入	484	6.20202566678	3745436
1972	电站	484	5.67553077418	3745920
1973	打假	483	7.03530250833	3746403
1974	英文	483	5.0556981302	3746886
1975	关税	483	4.89571673946	3747369
1976	当今	483	3.80193072483	3747852
1977	流通	482	5.13535841846	3748334
1978	陈总	482	4.61944963601	3748816
1979	覆盖	480	12.4509446529	3749296
1980	带着	480	5.72208792569	3749776
1981	显得	479	5.28991766831	3750255
1982	农户	478	6.19418926604	3750733
1983	平解	478	4.23269946134	3751211
1984	恶化	477	6.47478289206	3751688
1985	李岚	476	10.0025807121	3752164
1986	减轻	476	8.7715232972	3752640
1987	斯菲	476	7.70957274621	3753116
1988	引述	476	7.6452799734	3753592
1989	新宪	476	5.32772224588	3754068
1990	月初	476	5.27623369839	3754544
1991	不顾	476	4.71894885762	3755020
1992	学研	476	3.81320702432	3755496
1993	火灾	475	8.61797231817	3755971
1994	龙江	475	7.26989966984	3756446
1995	交给	475	5.29833783754	3756921
1996	岚清	474	10.540738712	3757395
1997	打破	474	6.69715508073	3757869
1998	记录	473	6.69316277606	3758342
1999	长王	473	4.36323872873	3758815
2000	江主	473	3.90994656189	3759288
2001	诺夫	472	8.68459850414	3759760
2002	工厂	472	5.67518208495	3760232
2003	专题	472	4.47123296872	3760704
2004	之路	472	4.47092832942	3761176
2005	必将	472	4.39804252972	3761648
2006	庆祝	471	10.2016562811	3762119
2007	累计	471	8.20932182146	3762590
2008	债务	471	7.09575624633	3763061
2009	潜力	471	5.96998053418	3763532
2010	高效	471	4.6546602263	3764003
2011	一贯	471	4.39927251894	3764474
2012	机械	470	8.33193037765	3764944
2013	沿海	470	7.68322507598	3765414
2014	山区	470	4.74253494245	3765884
2015	汇率	468	8.40659762312	3766352
2016	判断	468	7.711875161	3766820
2017	风景	468	7.53726754199	3767288
2018	例如	468	6.54546234831	3767756
2019	适当	468	6.25574248312	3768224
2020	志愿	467	7.4676625482	3768691
2021	总裁	467	6.81463675331	3769158
2022	举措	467	6.79729544642	3769625
2023	固定	467	6.48144529862	3770092
2024	版社	467	5.83958386703	3770559
2025	审理	467	4.89128399205	3771026
2026	莱尔	466	8.39095114724	3771492
2027	植物	466	8.15091955359	3771958
2028	院士	466	5.24987533563	3772424
2029	情局	466	4.23448104603	3772890
2030	周边	465	6.80855444292	3773355
2031	互利	465	5.7430995691	3773820
2032	一句	465	5.31032317899	3774285
2033	她说	465	4.53213329529	3774750
2034	饭店	464	11.1445348581	3775214
2035	十几	464	4.90512510716	3775678
2036	德治	464	4.88876291271	3776142
2037	向伊	464	4.49964746898	3776606
2038	数十	464	4.23206824314	3777070
2039	培育	463	7.01451903752	3777533
2040	战胜	463	6.27313220722	3777996
2041	伤性	463	6.08748415909	3778459
2042	景区	463	6.03404874234	3778922
2043	国债	463	4.0919977575	3779385
2044	丈夫	462	11.1671289995	3779847
2045	极端	462	8.56478559004	3780309
2046	据介	462	6.24895672275	3780771
2047	委副	462	5.26318471833	3781233
2048	物资	462	4.69986146909	3781695
2049	南海	462	4.22833943947	3782157
2050	不良	462	4.0562082471	3782619
2051	刘建	461	5.18284843141	3783080
2052	七日	461	4.52356837593	3783541
2053	者李	461	3.92544437339	3784002
2054	模杀	460	8.47140847487	3784462
2055	群体	460	4.83689932625	3784922
2056	变得	460	4.58808096185	3785382
2057	游戏	459	8.82340885194	3785841
2058	反腐	459	8.13040802627	3786300
2059	难题	459	4.81265545802	3786759
2060	者招	458	5.77549788791	3787217
2061	战术	458	4.20259284558	3787675
2062	布尔	457	4.95364378005	3788132
2063	施建	457	3.97125265711	3788589
2064	假冒	456	10.4336355725	3789045
2065	武警	456	6.25758148642	3789501
2066	八日	456	4.14402139949	3789957
2067	疾病	455	9.13712866084	3790412
2068	边关	455	4.61473310234	3790867
2069	都没	455	4.32524158006	3791322
2070	杭州	454	10.6005645221	3791776
2071	选拔	454	8.93677495564	3792230
2072	黑龙	454	8.85893294997	3792684
2073	申奥	454	8.6564442092	3793138
2074	判处	454	6.63957492015	3793592
2075	贸组	454	5.44133164683	3794046
2076	绝大	454	4.08768583336	3794500
2077	已被	454	4.06770962767	3794954
2078	拍摄	453	10.4802122913	3795407
2079	沙特	453	6.51737869292	3795860
2080	指控	453	6.30187495963	3796313
2081	环球	453	6.22375742474	3796766
2082	未能	453	4.554590073	3797219
2083	产量	453	4.1220707032	3797672
2084	评选	452	5.83968226035	3798124
2085	听到	452	5.10068852135	3798576
2086	储备	451	9.00845298696	3799027
2087	加速	451	4.95811303441	3799478
2088	级党	451	4.84245115524	3799929
2089	遵守	450	11.5630904813	3800379
2090	妥善	450	10.3816327307	3800829
2091	湾媒	450	6.20240503559	3801279
2092	助理	450	4.55007868561	3801729
2093	注册	449	10.3015036097	3802178
2094	货物	449	7.67094837122	3802627
2095	竞赛	449	7.08567688941	3803076
2096	游击	449	6.45550448582	3803525
2097	议院	449	4.0622213838	3803974
2098	署了	449	3.96827899815	3804423
2099	已达	449	3.91283588371	3804872
2100	饲料	448	11.000892403	3805320
2101	旅客	448	7.89163706513	3805768
2102	统独	448	4.99186493913	3806216
2103	绍了	448	4.37154578691	3806664
2104	西北	448	3.92735058803	3807112
2105	华府	448	3.91393943465	3807560
2106	客户	447	7.86880053004	3808007
2107	力推	447	3.98894154669	3808454
2108	城乡	446	6.90317527641	3808900
2109	迷者	445	6.40770592483	3809345
2110	文字	445	5.8014289186	3809790
2111	走进	445	4.08527967915	3810235
2112	兄弟	444	13.5329764807	3810679
2113	拉夫	444	5.8797528937	3811123
2114	长官	444	4.0420307471	3811567
2115	斯基	444	3.86210796119	3812011
2116	连宋	443	8.67692394288	3812454
2117	杂志	443	8.5675654564	3812897
2118	导演	443	5.25801643393	3813340
2119	严峻	442	10.210611844	3813782
2120	古巴	442	7.26943339181	3814224
2121	详细	441	11.9377540509	3814665
2122	使命	441	5.7890438608	3815106
2123	博物	440	7.58549233937	3815546
2124	结婚	440	7.49316590502	3815986
2125	笔者	440	6.42560832084	3816426
2126	提醒	439	7.66517083225	3816865
2127	瓦尔	439	7.65988547487	3817304
2128	督管	439	6.3007157797	3817743
2129	适用	439	5.87436602455	3818182
2130	长沙	439	5.45317688681	3818621
2131	见面	439	4.26839198485	3819060
2132	美丽	438	5.77219733364	3819498
2133	史教	438	5.14340909264	3819936
2134	收购	437	7.06065145888	3820373
2135	致力	437	4.76799866581	3820810
2136	声音	436	8.37781973009	3821246
2137	财富	436	7.66132350901	3821682
2138	迎接	436	7.15780822151	3822118
2139	罪分	436	4.9808691157	3822554
2140	遭受	435	7.07709986687	3822989
2141	起诉	435	6.34970621498	3823424
2142	设置	435	6.19382887599	3823859
2143	入境	435	5.03407467555	3824294
2144	犹太	434	10.1234990699	3824728
2145	冲击	434	7.81966124078	3825162
2146	二百	434	5.01121051223	3825596
2147	乃至	433	9.51873542761	3826029
2148	这份	433	4.29966305412	3826462
2149	党组	433	4.03854949484	3826895
2150	高峰	432	6.84874334732	3827327
2151	与稳	432	4.98856396967	3827759
2152	承包	431	7.1416289841	3828190
2153	据称	431	4.79240411809	3828621
2154	关切	431	4.3900605986	3829052
2155	总数	431	4.14012978936	3829483
2156	一架	431	3.83941335378	3829914
2157	给他	431	3.81013181928	3830345
2158	印尼	430	7.69000941157	3830775
2159	子女	430	4.74595680608	3831205
2160	反而	430	3.85537889706	3831635
2161	植树	429	9.90984916341	3832064
2162	物馆	429	7.16683270652	3832493
2163	税费	429	6.84457787593	3832922
2164	五号	429	5.9629598183	3833351
2165	预期	429	5.68614951382	3833780
2166	旨在	429	5.62821689106	3834209
2167	晚会	429	4.09692778715	3834638
2168	要闻	429	3.86940864626	3835067
2169	运载	428	7.55575642665	3835495
2170	金额	428	6.60394421417	3835923
2171	西班	428	6.56747815607	3836351
2172	热点	428	6.12144059722	3836779
2173	透过	428	5.62367458486	3837207
2174	长远	428	5.06960636885	3837635
2175	管道	428	3.89595980729	3838063
2176	内阁	427	8.53902245342	3838490
2177	亲自	427	4.992562612	3838917
2178	西南	427	4.55334794372	3839344
2179	助于	427	4.45075536167	3839771
2180	总量	426	4.11187338854	3840197
2181	心里	426	4.01377523128	3840623
2182	凝聚	425	12.3790658358	3841048
2183	内蒙	425	7.42363477678	3841473
2184	级领	425	4.86347862605	3841898
2185	学历	425	4.15415440489	3842323
2186	班牙	424	10.7570082461	3842747
2187	暂时	424	6.67604569434	3843171
2188	弘扬	423	12.3073222836	3843594
2189	习惯	423	10.1488837109	3844017
2190	沙龙	423	8.52668253516	3844440
2191	然气	423	5.58775010172	3844863
2192	者采	423	4.23672566627	3845286
2193	私人	423	3.99733013473	3845709
2194	多样	423	3.83050395733	3846132
2195	阻止	422	9.66193003849	3846554
2196	句话	422	8.93608033025	3846976
2197	居住	422	8.07059664166	3847398
2198	蔬菜	421	13.2251371256	3847819
2199	名字	421	5.82284699069	3848240
2200	击事	421	3.99239498529	3848661
2201	灾害	420	8.80611951237	3849081
2202	港澳	420	7.8589560154	3849501
2203	境保	420	4.97961946509	3849921
2204	菲律	419	8.85391578065	3850340
2205	男女	419	7.25334151574	3850759
2206	互相	419	6.23152684501	3851178
2207	贸合	419	4.51504807027	3851597
2208	根廷	418	10.1187416612	3852015
2209	跨越	418	9.0199639672	3852433
2210	监察	418	6.68703346832	3852851
2211	足够	417	8.24755529852	3853268
2212	复兴	417	7.53668025441	3853685
2213	早已	417	5.83390616309	3854102
2214	示威	417	5.73748727982	3854519
2215	军士	417	4.23091095104	3854936
2216	获悉	416	8.45446107362	3855352
2217	阿根	416	6.72561036535	3855768
2218	流域	416	6.57775682026	3856184
2219	场比	416	3.81137741154	3856600
2220	律宾	415	8.92637671958	3857015
2221	种子	415	3.91893276233	3857430
2222	轰炸	414	11.0131609272	3857844
2223	列入	414	5.21373465104	3858258
2224	流与	414	4.07411139362	3858672
2225	搜救	413	10.1848047921	3859085
2226	极拳	413	9.35868913956	3859498
2227	确立	413	4.66497726682	3859911
2228	康发	413	4.4723736019	3860324
2229	跨国	413	4.2471534033	3860737
2230	优惠	412	9.23273540776	3861149
2231	战线	412	5.12247134757	3861561
2232	创建	412	4.33333543008	3861973
2233	顿和	412	3.83880649122	3862385
2234	品质	411	5.32586477767	3862796
2235	极性	411	4.87723216853	3863207
2236	息技	411	4.74103815209	3863618
2237	那就	411	4.34365507901	3864029
2238	上涨	410	6.80757913388	3864439
2239	边界	410	5.76183442118	3864849
2240	杀人	410	3.81359793743	3865259
2241	怖袭	409	9.18884676848	3865668
2242	瑞典	408	9.72608602542	3866076
2243	束后	408	5.98922655511	3866484
2244	对於	408	4.87499757728	3866892
2245	贸关	408	4.16214608652	3867300
2246	检测	407	7.65382411455	3867707
2247	指数	407	4.80484057947	3868114
2248	调研	407	4.65761461675	3868521
2249	赞赏	406	11.5159719136	3868927
2250	道歉	406	8.67151110073	3869333
2251	奥委	406	6.03552203114	3869739
2252	解除	406	5.75584131286	3870145
2253	毫无	405	8.72056010099	3870550
2254	测试	405	8.27527151823	3870955
2255	雷达	405	6.92847549606	3871360
2256	厦门	404	8.95173997977	3871764
2257	专访	404	5.28099075791	3872168
2258	参议	404	4.6292731878	3872572
2259	混乱	403	11.5615254168	3872975
2260	探讨	403	8.76633780363	3873378
2261	待遇	403	8.6104226839	3873781
2262	陪同	403	7.84409599298	3874184
2263	考核	403	6.8998560792	3874587
2264	信号	402	5.6145530255	3874989
2265	一辆	402	4.61231670064	3875391
2266	习者	402	4.52233364055	3875793
2267	祝贺	401	11.8426389004	3876194
2268	印象	401	7.0507600939	3876595
2269	第七	401	5.93426665792	3876996
2270	审计	401	5.67337458845	3877397
2271	指示	401	4.18252197847	3877798
2272	马拉	400	5.11118540912	3878198
2273	接着	400	4.71784388785	3878598
2274	协委	400	4.61721622965	3878998
