1	一个	57186	4.21834619678	57186
2	什么	45946	7.66008832863	103132
3	没有	40408	5.89442863226	143540
4	自己	35411	8.22590596472	178951
5	我们	33208	4.37625854551	212159
6	他们	31875	4.56612189359	244034
7	知道	22390	7.78745189666	266424
8	起来	21237	5.37620423292	287661
9	这个	21137	3.83614462594	308798
10	时候	19493	7.78539684589	328291
11	这样	19203	5.23431393801	347494
12	怎么	17118	7.3134229469	364612
13	已经	16604	8.44503875864	381216
14	现在	16279	5.7008234155	397495
15	出来	14315	4.45046966356	411810
16	不能	13410	4.15616711186	425220
17	不知	12635	4.47906889549	437855
18	可以	12462	6.5032612462	450317
19	女人	12426	5.08744035395	462743
20	觉得	12157	6.77980484311	474900
21	因为	11687	7.69201986864	486587
22	你们	11659	3.84323778788	498246
23	孩子	11181	6.67365233014	509427
24	一种	10022	4.09434862349	519449
25	两个	9464	5.01869003873	528913
26	眼睛	9305	8.92403994594	538218
27	心里	9183	4.88247658457	547401
28	那么	8748	4.1010800871	556149
29	还有	8572	3.88535671005	564721
30	东西	8539	9.09606431132	573260
31	先生	8484	7.06310903839	581744
32	这些	8352	4.63990359531	590096
33	看见	8149	5.84774130167	598245
34	一次	8114	4.43462777021	606359
35	也没	8022	4.33921019418	614381
36	父亲	8021	8.87759393596	622402
37	地方	7942	5.53112919305	630344
38	回来	7919	4.4750277231	638263
39	生活	7884	7.01170872847	646147
40	这种	7861	4.79765273348	654008
41	过去	7586	4.49028213633	661594
42	母亲	7378	8.67237162638	668972
43	一切	6903	5.04369904977	675875
44	男人	6864	5.60560105592	682739
45	工作	6758	7.8861738318	689497
46	只有	6652	3.97306491296	696149
47	声音	6567	8.34175788558	702716
48	今天	6469	7.05745315345	709185
49	开始	6442	8.51681412188	715627
50	时间	6330	6.02075884618	721957
51	几个	6283	4.61296365076	728240
52	如果	6281	8.30566723547	734521
53	中国	6272	6.57274781586	740793
54	但是	6238	3.82896485889	747031
55	以后	6231	5.61776749665	753262
56	有什	6185	3.87595775522	759447
57	有些	6158	4.31014057832	765605
58	事情	6151	6.15164925348	771756
59	所以	6118	6.67732382736	777874
60	突然	6115	8.05111793214	783989
61	那些	6079	4.95902755252	790068
62	儿子	6068	3.92221135423	796136
63	一定	6039	3.91203278639	802175
64	为什	6003	5.38755740374	808178
65	问题	5992	8.8335190305	814170
66	有点	5823	4.04881924531	819993
67	许多	5820	7.32168282679	825813
68	太太	5803	7.15751573793	831616
69	告诉	5795	10.3930379261	837411
70	感到	5765	5.41528752709	843176
71	电话	5708	7.6332751741	848884
72	想到	5708	3.94883840738	854592
73	朋友	5591	11.0973095668	860183
74	坐在	5581	5.09270035098	865764
75	大家	5542	4.08062874026	871306
76	老师	5535	6.83523231419	876841
77	并不	5451	4.65091354323	882292
78	下去	5414	3.83701546735	887706
79	说话	5389	4.04280089075	893095
80	当然	5367	5.76417981683	898462
81	家里	5353	3.89705883369	903815
82	明白	5288	7.18229636152	909103
83	可能	5275	5.19194590867	914378
84	第一	5201	4.27755124368	919579
85	一直	5182	4.02041172014	924761
86	而且	5153	8.07760401933	929914
87	然后	5064	5.08634956518	934978
88	书记	5044	8.41162335518	940022
89	应该	5043	9.26578878399	945065
90	身上	4914	4.35336513071	949979
91	似乎	4873	9.10938705153	954852
92	那样	4778	4.00487263282	959630
93	看看	4777	4.0538619318	964407
94	喜欢	4749	9.99159114488	969156
95	脸上	4704	4.90692370176	973860
96	最后	4689	6.47072852657	978549
97	还没	4627	4.14008631145	983176
98	妈妈	4593	7.89983893723	987769
99	晚上	4554	5.65250269226	992323
100	意思	4525	7.54704417992	996848
101	一条	4515	4.17025666609	1001363
102	别人	4489	4.46725568479	1005852
103	姑娘	4487	9.90716099253	1010339
104	虽然	4478	7.81686919461	1014817
105	一句	4467	4.56952205411	1019284
106	学生	4453	5.57883608551	1023737
107	望着	4401	4.98794298931	1028138
108	世界	4398	10.3854364102	1032536
109	以为	4392	4.98907238182	1036928
110	好像	4369	5.45778952165	1041297
111	也许	4349	5.76241701652	1045646
112	发现	4304	6.28794935012	1049950
113	站在	4257	4.91696238825	1054207
114	给你	4237	3.97553729457	1058444
115	会儿	4196	4.67825881435	1062640
116	一块	4157	4.42804696375	1066797
117	多少	4136	6.42067772571	1070933
118	感觉	4092	7.24695474619	1075025
119	女儿	4043	5.06720596347	1079068
120	第二	3982	7.8546915023	1083050
121	一阵	3931	5.12725461679	1086981
122	面前	3926	5.61969433621	1090907
123	正在	3914	3.82822584631	1094821
124	之后	3886	5.63010673239	1098707
125	爸爸	3855	9.18924386996	1102562
126	得很	3843	4.42919039942	1106405
127	二十	3841	6.73408629407	1110246
128	其实	3833	7.75240925666	1114079
129	想起	3790	4.31545212867	1117869
130	希望	3763	9.74662458637	1121632
131	一片	3735	4.27452806812	1125367
132	咱们	3723	6.51878333872	1129090
133	一般	3713	4.77507162913	1132803
134	非常	3695	8.72778303344	1136498
135	总是	3692	4.03792806163	1140190
136	完全	3661	8.03040586315	1143851
137	公司	3660	8.50626709073	1147511
138	然而	3646	5.08460532745	1151157
139	学校	3638	8.25901949336	1154795
140	忽然	3634	7.83224928195	1158429
141	回去	3605	4.19777778465	1162034
142	年轻	3577	6.86163822804	1165611
143	日子	3548	4.73734319222	1169159
144	所有	3533	3.99922795595	1172692
145	老板	3531	7.03985358054	1176223
146	怎样	3528	5.81117017247	1179751
147	仿佛	3527	11.757345418	1183278
148	十分	3527	6.73507603708	1186805
149	不敢	3522	5.05779006316	1190327
150	关系	3506	9.38694904564	1193833
151	只要	3499	4.11373362303	1197332
152	高兴	3494	8.2519849213	1200826
153	笑着	3478	3.91888184417	1204304
154	自然	3465	4.33815951622	1207769
155	回答	3449	7.63019058526	1211218
156	听见	3424	6.03976260393	1214642
157	回家	3415	4.59310705009	1218057
158	句话	3392	7.4020951164	1221449
159	几乎	3365	7.49713923901	1224814
160	女孩	3356	6.66820721735	1228170
161	终于	3355	8.2797064882	1231525
162	准备	3353	10.4751463749	1234878
163	主任	3350	8.18074853392	1238228
164	小姐	3341	6.27519004313	1241569
165	听到	3323	4.31478230351	1244892
166	衣服	3285	9.35429455336	1248177
167	甚至	3282	10.5693233234	1251459
168	需要	3279	7.59255160463	1254738
169	离开	3269	7.21867773239	1258007
170	一件	3181	3.98999670018	1261188
171	情况	3169	8.48610666228	1264357
172	清楚	3145	9.45759522115	1267502
173	门口	3143	6.41825547956	1270645
174	领导	3140	10.4351194965	1273785
175	相信	3131	7.97219098459	1276916
176	同学	3095	6.09230331438	1280011
177	那种	3095	4.23029094346	1283106
178	任何	3052	8.49339781258	1286158
179	办法	3049	8.25392552951	1289207
180	带着	3016	4.7742977072	1292223
181	马上	3005	4.78762919385	1295228
182	另一	2994	4.79378460892	1298222
183	口气	2988	6.22157061147	1301210
184	身体	2963	7.29912843858	1304173
185	几天	2938	4.73659368211	1307111
186	同时	2936	4.61871970503	1310047
187	愿意	2934	7.81897367429	1312981
188	当时	2887	4.34026545204	1315868
189	发生	2869	4.72974987522	1318737
190	日本	2868	7.10034403921	1321605
191	精神	2842	9.28326347751	1324447
192	丈夫	2839	10.2913360107	1327286
193	原来	2826	4.87213735	1330112
194	哪里	2819	5.29426032147	1332931
195	对于	2819	5.20265544559	1335750
196	个月	2815	4.43864176252	1338565
197	接着	2813	4.72542865366	1341378
198	社会	2805	7.31047155697	1344183
199	路上	2798	4.49841743261	1346981
200	如何	2774	7.19521805041	1349755
201	或者	2770	8.92548723352	1352525
202	如此	2770	6.98693662455	1355295
203	件事	2769	6.76578866904	1358064
204	特别	2753	8.16708563348	1360817
205	房子	2752	4.66696774816	1363569
206	认为	2749	6.33676240067	1366318
207	干部	2685	7.46681775445	1369003
208	认识	2683	9.17620597251	1371686
209	出现	2679	4.43138512381	1374365
210	只能	2669	4.47048284911	1377034
211	大学	2663	4.15053544913	1379697
212	到底	2661	5.62129204692	1382358
213	北京	2659	10.4890575247	1385017
214	轻轻	2652	7.97296065724	1387669
215	它们	2650	4.89341980886	1390319
216	办公	2640	7.62803881429	1392959
217	就像	2635	3.98097098168	1395594
218	不愿	2629	4.53497150112	1398223
219	床上	2627	5.64467227771	1400850
220	老太	2611	4.75401686936	1403461
221	仍然	2599	7.55968262514	1406060
222	慢慢	2584	9.89915469768	1408644
223	同志	2584	7.75089451627	1411228
224	上海	2582	4.72691634269	1413810
225	之间	2580	6.18104266748	1416390
226	吃饭	2571	7.55463952906	1418961
227	头发	2542	4.70695603499	1421503
228	立刻	2538	9.07465733542	1424041
229	刚才	2527	7.62482979096	1426568
230	老婆	2525	6.78547580535	1429093
231	跟着	2493	4.33434833339	1431586
232	容易	2485	10.3372642551	1434071
233	本来	2477	3.85670511706	1436548
234	汽车	2475	9.37615774054	1439023
235	无法	2462	6.71015476359	1441485
236	永远	2453	9.71651433374	1443938
237	并且	2414	8.44096911176	1446352
238	找到	2406	4.64874483466	1448758
239	进去	2406	4.28513135138	1451164
240	点儿	2405	4.27898585159	1453569
241	痛苦	2400	9.27425074871	1455969
242	不管	2376	3.8600819414	1458345
243	身边	2365	5.67813977521	1460710
244	结婚	2362	9.27089842048	1463072
245	十年	2361	5.2663134716	1465433
246	站起	2360	5.75640171743	1467793
247	医院	2358	9.3437307908	1470151
248	外面	2351	5.55400229168	1472502
249	除了	2351	4.6535514805	1474853
250	明天	2345	4.55785115251	1477198
251	妻子	2339	6.23913681529	1479537
252	因此	2338	7.31434569309	1481875
253	走进	2337	5.33840617152	1484212
254	变成	2335	7.04167866678	1486547
255	青年	2322	6.72705044356	1488869
256	医生	2321	6.75819412011	1491190
257	这位	2320	4.01667342874	1493510
258	方面	2312	5.23476964669	1495822
259	名字	2305	8.22528954985	1498127
260	根本	2305	8.05426583296	1500432
261	目光	2304	7.73037659578	1502736
262	注意	2287	8.08525324692	1505023
263	队长	2286	6.37569333512	1507309
264	很多	2274	4.68584434197	1509583
265	每天	2269	5.90169905374	1511852
266	房间	2250	6.79553937834	1514102
267	显得	2246	6.13930846848	1516348
268	故事	2241	7.17138074537	1518589
269	生命	2240	5.85965383446	1520829
270	以前	2239	4.70968478519	1523068
271	点头	2229	4.30390209816	1525297
272	屋里	2223	5.47207650213	1527520
273	时代	2221	5.7208761033	1529741
274	渐渐	2216	10.516259379	1531957
275	很快	2216	6.09804394664	1534173
276	太阳	2202	7.72243061028	1536375
277	决定	2192	8.21468172411	1538567
278	常常	2179	6.8490959996	1540746
279	继续	2178	11.7588972102	1542924
280	媳妇	2164	11.4137804854	1545088
281	肯定	2163	8.83259050257	1547251
282	爱情	2155	5.86010903558	1549406
283	眼泪	2154	7.42873095118	1551560
284	鬼子	2152	5.72616166251	1553712
285	哪儿	2135	5.73063278853	1555847
286	留下	2132	5.94871270989	1557979
287	机会	2120	5.87979443274	1560099
288	能够	2106	7.12586652054	1562205
289	眼前	2105	4.91029738397	1564310
290	并没	2088	5.22835094491	1566398
291	革命	2084	9.91485645177	1568482
292	结果	2077	8.05011519718	1570559
293	三十	2071	5.66619008853	1572630
294	变得	2064	5.31741237681	1574694
295	后面	2063	4.12285150737	1576757
296	发出	2055	3.89406872558	1578812
297	父母	2052	7.73646168734	1580864
298	公室	2050	8.06803468947	1582914
299	无论	2018	7.47659685729	1584932
300	感情	2012	5.6678613696	1586944
301	思想	2002	5.55108277714	1588946
302	旁边	2000	7.97846335813	1590946
303	敌人	1996	5.95009940013	1592942
304	成为	1995	4.41360460973	1594937
305	真正	1989	5.68386908496	1596926
306	打开	1980	4.93056449066	1598906
307	多年	1979	4.34782640366	1600885
308	土司	1975	8.87389464733	1602860
309	简直	1969	8.85877449464	1604829
310	微笑	1963	7.45879973587	1606792
311	这件	1958	4.3435868912	1608750
312	几年	1946	4.8244148378	1610696
313	房里	1944	4.4325652534	1612640
314	亦铭	1935	12.291046677	1614575
315	经过	1924	3.96851096277	1616499
316	经理	1922	6.04746365093	1618421
317	如今	1917	6.55664627032	1620338
318	记得	1917	4.72523761204	1622255
319	前面	1916	4.58473172448	1624171
320	个男	1912	3.98613864834	1626083
321	奶奶	1911	10.3270114383	1627994
322	重要	1910	4.83229730605	1629904
323	下午	1909	6.42853315053	1631813
324	漂亮	1907	10.67697003	1633720
325	大概	1904	7.22230046286	1635624
326	城市	1899	8.87271871342	1637523
327	坐下	1897	4.80094130366	1639420
328	难道	1896	5.48328904574	1641316
329	要求	1887	6.04058470458	1643203
330	郑亦	1884	11.0116292372	1645087
331	直到	1884	4.25795652786	1646971
332	脑袋	1882	10.1493334203	1648853
333	答应	1875	8.415666264	1650728
334	中间	1867	4.80165516696	1652595
335	整个	1861	5.01229659868	1654456
336	意识	1850	7.03838869514	1656306
337	文化	1826	7.80548264248	1658132
338	干什	1819	5.22964524206	1659951
339	尽管	1816	8.82614595164	1661767
340	二天	1808	4.41783607408	1663575
341	定要	1805	4.40082279014	1665380
342	幸福	1803	10.2585731212	1667183
343	一段	1802	4.44627653362	1668985
344	爷爷	1789	8.12987498666	1670774
345	在床	1783	4.6184641392	1672557
346	哥哥	1782	8.64079553065	1674339
347	不错	1780	4.23328586864	1676119
348	街上	1777	5.29469143026	1677896
349	人物	1776	4.58409232895	1679672
350	肚子	1765	6.51684874749	1681437
351	必须	1763	10.7760644954	1683200
352	可怜	1762	7.85914937801	1684962
353	作为	1757	4.35868084321	1686719
354	沉默	1752	9.43986207714	1688471
355	充满	1743	9.32504467795	1690214
356	姐姐	1739	7.99855584049	1691953
357	来越	1738	4.46163022581	1693691
358	越来	1731	4.45580786836	1695422
359	桌上	1724	5.37620940605	1697146
360	么办	1723	4.80634873287	1698869
361	至于	1718	6.95508571569	1700587
362	进行	1717	5.82838088217	1702304
363	新月	1715	7.01020882671	1704019
364	文学	1715	6.05212327118	1705734
365	人民	1714	4.03322911153	1707448
366	历史	1708	11.1750501086	1709156
367	之中	1705	4.42950174573	1710861
368	早就	1702	4.30902958665	1712563
369	曾经	1701	7.37424652961	1714264
370	作者	1693	6.49811719375	1715957
371	家庭	1687	7.7074058405	1717644
372	露出	1678	6.38419256652	1719322
373	生意	1677	3.95621187094	1720999
374	中学	1675	4.34626901484	1722674
375	丽萍	1666	10.2415538169	1724340
376	小孩	1666	4.753514199	1726006
377	客人	1661	4.54631174821	1727667
378	教授	1659	10.5854989146	1729326
379	阳光	1659	7.72545848256	1730985
380	表示	1656	9.28396742764	1732641
381	谁也	1656	4.59315375535	1734297
382	好象	1654	5.04011133859	1735951
383	立即	1652	8.87188306939	1737603
384	去找	1651	4.49290062033	1739254
385	奇怪	1650	9.62119171633	1740904
386	少平	1646	6.61602610813	1742550
387	半天	1642	5.18299284521	1744192
388	院子	1642	4.58193029725	1745834
389	嘴里	1635	4.79455088476	1747469
390	夫人	1634	3.85721115892	1749103
391	心情	1633	4.02739575196	1750736
392	才能	1628	4.8261158832	1752364
393	躺在	1624	5.70084097363	1753988
394	国家	1620	4.3476713536	1755608
395	屋子	1612	4.7413705413	1757220
396	点点	1608	4.28580542161	1758828
397	局长	1606	7.01834291786	1760434
398	全部	1604	6.74357190292	1762038
399	切都	1602	5.55723251102	1763640
400	辈子	1597	6.48419616982	1765237
401	哈哈	1596	10.3745532638	1766833
402	鲜花	1596	8.60007387331	1768429
403	摇头	1596	6.55682761119	1770025
404	耳朵	1595	10.9013508021	1771620
405	美国	1594	6.9531016137	1773214
406	重新	1592	6.91931169246	1774806
407	两只	1592	4.14201431448	1776398
408	消息	1590	9.52961776188	1777988
409	紧张	1589	7.18329559061	1779577
410	嘴唇	1587	10.310696735	1781164
411	不懂	1587	4.66534096394	1782751
412	年前	1587	4.36036342124	1784338
413	忘了	1586	4.08883560156	1785924
414	个字	1582	4.17629976644	1787506
415	说完	1582	3.81365159988	1789088
416	确实	1580	7.90168182904	1790668
417	老爷	1571	5.35609998746	1792239
418	由于	1570	6.58222187637	1793809
419	妹妹	1569	9.15310697035	1795378
420	天晚	1563	5.19302436569	1796941
421	悄悄	1561	11.103117138	1798502
422	分钟	1552	7.84314152975	1800054
423	鼻子	1552	6.25829029924	1801606
424	台上	1552	4.77123622709	1803158
425	主义	1551	8.27552261988	1804709
426	师傅	1550	10.0998143626	1806259
427	手指	1543	6.06957253636	1807802
428	块钱	1538	7.33114093611	1809340
429	桌子	1538	5.34534931275	1810878
430	不久	1531	3.81566589483	1812409
431	参加	1530	9.77340587656	1813939
432	校长	1530	6.52756888704	1815469
433	解释	1526	10.3613130509	1816995
434	双手	1522	6.43953812246	1818517
435	另外	1521	7.90173626064	1820038
436	穿着	1518	4.58114131007	1821556
437	男孩	1513	6.89327769254	1823069
438	部分	1511	6.44096336879	1824580
439	实际	1509	8.84298967368	1826089
440	研究	1508	11.8389532844	1827597
441	大哥	1508	5.00515644883	1829105
442	笑道	1506	4.16644192462	1830611
443	韩梅	1502	9.92931342152	1832113
444	村里	1501	4.61014066601	1833614
445	少安	1494	6.55592047575	1835108
446	理解	1493	7.26771319867	1836601
447	家伙	1492	6.37382792484	1838093
448	当年	1492	4.29677411971	1839585
449	早已	1481	6.17772283586	1841066
450	即使	1480	8.22488505202	1842546
451	玻璃	1477	13.3688314978	1844023
452	公羊	1477	8.32355442427	1845500
453	昨天	1472	7.45360706096	1846972
454	部队	1470	7.20770121382	1848442
455	究竟	1462	9.8723785679	1849904
456	星期	1462	9.79632132335	1851366
457	不肯	1461	4.38122625693	1852827
458	随着	1458	4.62776747801	1854285
459	火车	1456	6.71997414492	1855741
460	电影	1453	7.96357299969	1857194
461	之前	1451	4.77739482813	1858645
462	脸色	1448	6.19086698953	1860093
463	兴奋	1441	10.1786530223	1861534
464	五十	1437	6.13064265617	1862971
465	认真	1432	6.47402100988	1864403
466	司令	1431	8.78155103781	1865834
467	政治	1426	10.0534173096	1867260
468	艺术	1423	11.0518337059	1868683
469	毕业	1421	9.64089397786	1870104
470	想象	1420	5.03126223614	1871524
471	放心	1419	4.88407209132	1872943
472	拿出	1416	4.90347947927	1874359
473	对方	1414	4.30872805922	1875773
474	去吧	1412	3.90017036824	1877185
475	抱着	1410	5.13099817821	1878595
476	十几	1408	4.90456955407	1880003
477	激动	1405	7.66584932244	1881408
478	存在	1397	5.09913245547	1882805
479	用手	1397	4.54152041903	1884202
480	海鹏	1393	10.2547703731	1885595
481	同意	1391	4.72475703313	1886986
482	东方	1387	5.76106064398	1888373
483	介绍	1386	12.8131850574	1889759
484	简单	1386	9.48977906739	1891145
485	意见	1386	4.40804980651	1892531
486	刚刚	1382	7.83892433845	1893913
487	态度	1381	9.93137740198	1895294
488	既然	1380	7.16378752612	1896674
489	其中	1380	5.02395898464	1898054
490	城里	1380	4.68914637241	1899434
491	毫无	1378	8.16137211365	1900812
492	把它	1375	4.89411233167	1902187
493	果然	1372	5.15974914109	1903559
494	责任	1371	9.19808059477	1904930
495	美丽	1371	8.26091527102	1906301
496	不断	1369	3.81134711057	1907670
497	一股	1368	4.09510138839	1909038
498	十二	1367	5.24361757315	1910405
499	报告	1365	7.87169258869	1911770
500	放下	1364	4.29130260232	1913134
501	作家	1364	3.83328420759	1914498
502	原因	1360	6.93085337342	1915858
503	十多	1360	4.35368053517	1917218
504	拿着	1359	3.92012212453	1918577
505	紧紧	1355	7.73492934127	1919932
506	以及	1355	6.82311625287	1921287
507	志杰	1351	10.2424519044	1922638
508	门外	1351	5.39886096232	1923989
509	小伙	1350	6.06294979695	1925339
510	电视	1348	8.21472345677	1926687
511	不仅	1348	4.49427606078	1928035
512	令人	1348	4.47787418822	1929383
513	习惯	1341	11.1221646131	1930724
514	各种	1341	6.94942650183	1932065
515	尤其	1340	9.61866633164	1933405
516	政府	1339	10.7744115623	1934744
517	力量	1339	7.98756963113	1936083
518	田志	1336	8.51479544849	1937419
519	晓得	1336	5.90681099485	1938755
520	艾雨	1333	10.630989241	1940088
521	害怕	1332	8.6944622652	1941420
522	失去	1332	5.00751592985	1942752
523	兄弟	1331	10.307779872	1944083
524	室里	1325	5.00986393603	1945408
525	农民	1320	8.89556405008	1946728
526	抬起	1319	6.7190128888	1948047
527	夜里	1318	4.40437428002	1949365
528	第三	1317	6.0817118316	1950682
529	差不	1315	4.24796573009	1951997
530	每个	1315	3.89445602871	1953312
531	考虑	1314	10.9780944717	1954626
532	脚步	1313	8.05822260967	1955939
533	生气	1313	3.80121712275	1957252
534	忘记	1312	8.45288829862	1958564
535	主要	1312	4.13057458378	1959876
536	热闹	1311	9.06460201623	1961187
537	跑到	1310	4.47836758696	1962497
538	底下	1309	5.12974520216	1963806
539	事实	1306	4.53240354031	1965112
540	转过	1305	5.07516415629	1966417
541	英明	1304	6.68723363771	1967721
542	转身	1304	6.21702474632	1969025
543	朱海	1303	8.76781329352	1970328
544	安排	1303	8.43230455675	1971631
545	十五	1302	5.98831204288	1972933
546	从前	1301	4.25049299895	1974234
547	情绪	1300	8.54329473755	1975534
548	依然	1299	6.69820951985	1976833
549	作品	1282	7.4619069092	1978115
550	活动	1282	5.49913264259	1979397
551	胳膊	1281	13.2968828063	1980678
552	那位	1280	3.93610408395	1981958
553	快乐	1278	7.6203917645	1983236
554	脖子	1278	6.77586072739	1984514
555	四十	1277	5.75351858096	1985791
556	表情	1276	5.96362743431	1987067
557	反正	1272	6.40921343531	1988339
558	一遍	1272	4.43993474623	1989611
559	比较	1270	9.40194925065	1990881
560	招呼	1269	9.95393892887	1992150
561	显然	1267	6.06440062088	1993417
562	红色	1265	6.31164897313	1994682
563	一番	1265	5.02474863581	1995947
564	一层	1263	4.18860528173	1997210
565	几句	1262	6.32668167517	1998472
566	最好	1259	4.17231790202	1999731
567	接受	1256	7.24599236537	2000987
568	组织	1254	11.9592800437	2002241
569	平静	1253	7.34075458505	2003494
570	打算	1252	6.11845981456	2004746
571	自由	1252	5.20887729165	2005998
572	睡觉	1240	6.85613288017	2007238
573	等待	1239	7.84507364117	2008477
574	表现	1239	6.07797103726	2009716
575	知识	1235	6.37097143554	2010951
576	结束	1233	9.91112242863	2012184
577	魏强	1231	9.72785674495	2013415
578	静地	1228	4.3724714988	2014643
579	抓住	1222	7.76050368859	2015865
580	范英	1219	9.64132426804	2017084
581	黑暗	1216	8.12224622862	2018300
582	问道	1213	3.88714816521	2019513
583	消失	1211	8.81745902883	2020724
584	几次	1211	5.27116729808	2021935
585	一座	1211	3.95048295718	2023146
586	默默	1207	9.41476392013	2024353
587	掏出	1204	7.21622188818	2025557
588	担心	1204	6.74710981501	2026761
589	石头	1204	5.940520353	2027965
590	几十	1203	4.67755886261	2029168
591	一辈	1203	4.51035917448	2030371
592	教育	1199	9.85398228121	2031570
593	剩下	1199	7.04695982922	2032769
594	比如	1199	5.81273536488	2033968
595	老洪	1197	6.60759543367	2035165
596	帮助	1196	10.4177845867	2036361
597	劳动	1196	8.03489302603	2037557
598	进入	1191	6.81021465048	2038748
599	经常	1191	5.20025587345	2039939
600	居然	1190	6.71312059844	2041129
601	封信	1188	8.70168504021	2042317
602	伸出	1187	6.12672701781	2043504
603	妇女	1186	6.55704806058	2044690
604	命运	1184	8.54124938108	2045874
605	随便	1184	7.15320735097	2047058
606	王国	1184	5.88850102604	2048242
607	伙子	1177	5.03865392211	2049419
608	商量	1176	9.5975910768	2050595
609	弟弟	1176	9.00741773658	2051771
610	警察	1175	10.3609295582	2052946
611	行动	1175	5.1939668555	2054121
612	忍不	1175	4.14434575159	2055296
613	聪明	1173	9.08901571406	2056469
614	指挥	1172	9.38972412418	2057641
615	年纪	1172	7.47547231412	2058813
616	打电	1172	5.76060026559	2059985
617	背后	1170	5.78457264332	2061155
618	脑子	1169	4.64107198216	2062324
619	内心	1165	5.66597181799	2063489
620	少年	1165	4.70961304128	2064654
621	大夫	1162	4.26123367766	2065816
622	休息	1161	10.1616000837	2066977
623	周围	1160	9.32353599644	2068137
624	司机	1157	7.44007900992	2069294
625	华丽	1155	8.74226125346	2070449
626	学习	1155	7.28500446058	2071604
627	诉你	1155	4.4723101812	2072759
628	三年	1154	4.27548666654	2073913
629	请你	1154	4.16942877011	2075067
630	意义	1153	6.89809422133	2076220
631	受到	1148	4.04050854954	2077368
632	报纸	1146	8.62269163988	2078514
633	男女	1143	5.24542622659	2079657
634	更加	1142	7.4292095517	2080799
635	提出	1142	4.91059786721	2081941
636	见面	1142	3.80632343333	2083083
637	影响	1140	8.38681714719	2084223
638	盯着	1138	6.3910325349	2085361
639	交给	1138	6.19895643773	2086499
640	百惠	1137	9.70205305927	2087636
641	发展	1137	7.43860709327	2088773
642	林百	1137	7.26782199476	2089910
643	主意	1136	5.16335067112	2091046
644	此刻	1134	7.4423979659	2092180
645	所谓	1133	9.21445880295	2093313
646	心理	1132	4.50651267837	2094445
647	平时	1132	4.1577167421	2095577
648	天空	1131	4.88452913078	2096708
649	微微	1130	8.74074058697	2097838
650	慢地	1130	4.64961670895	2098968
651	眼光	1129	4.77929637192	2100097
652	产生	1127	6.00860212428	2101224
653	不及	1127	3.8538291455	2102351
654	怀疑	1124	9.83333647768	2103475
655	赶紧	1124	8.25003585319	2104599
656	宿舍	1122	11.8015132535	2105721
657	谈话	1122	5.91563550938	2106843
658	开口	1122	4.35634137255	2107965
659	国炎	1120	8.98957532288	2109085
660	干净	1119	8.68827673822	2110204
661	百姓	1118	9.29718516837	2111322
662	单位	1115	7.60394367972	2112437
663	道理	1115	4.54872096499	2113552
664	解决	1114	8.13367231562	2114666
665	沙发	1113	7.17297802425	2115779
666	怀里	1109	5.23466005699	2116888
667	此时	1109	4.18573612298	2117997
668	仔细	1108	10.9645232354	2119105
669	命令	1108	8.08266980892	2120213
670	公社	1107	7.37646110019	2121320
671	地区	1104	5.19512884856	2122424
672	泪水	1103	7.18830260842	2123527
673	熟悉	1100	11.8678381165	2124627
674	界上	1099	4.57040710566	2125726
675	代表	1098	7.4737079438	2126824
676	一辆	1098	4.654528797	2127922
677	院里	1096	4.26577372477	2129018
678	向前	1094	4.76911870776	2130112
679	灯光	1093	7.39554886717	2131205
680	变化	1091	7.67966182959	2132296
681	现实	1091	4.92230720616	2133387
682	薄荷	1085	11.5319103491	2134472
683	农村	1085	8.61876626506	2135557
684	照片	1085	7.96461952511	2136642
685	椅子	1085	6.23941421521	2137727
686	李丽	1084	7.64308333208	2138811
687	空气	1084	5.97839446084	2139895
688	竟然	1084	5.69813724377	2140979
689	车站	1081	5.98843535183	2142060
690	田福	1080	8.60824688437	2143140
691	少爷	1076	6.50037379512	2144216
692	难以	1076	4.88653579343	2145292
693	收拾	1072	10.6211317727	2146364
694	属于	1072	7.95002852843	2147436
695	恋爱	1069	8.39769969502	2148505
696	人类	1067	4.79471353811	2149572
697	恐怕	1064	9.05803588252	2150636
698	屁股	1063	11.3085644864	2151699
699	欣然	1063	7.22182801358	2152762
700	早晨	1062	9.22974775558	2153824
701	满意	1062	5.36551280891	2154886
702	安慰	1058	9.46410118048	2155944
703	毕竟	1058	9.37007000265	2157002
704	战争	1057	9.15294335954	2158059
705	外国	1052	5.25166785256	2159111
706	关于	1051	5.53775359271	2160162
707	浑身	1050	8.61237621701	2161212
708	窗外	1050	7.24021056062	2162262
709	白色	1050	5.53774049643	2163312
710	土地	1050	4.34042678051	2164362
711	是否	1048	4.6670692917	2165410
712	一颗	1048	4.56982645718	2166458
713	困难	1047	9.16287780777	2167505
714	至少	1046	6.75694021007	2168551
715	糊涂	1045	11.5664028691	2169596
716	陌生	1045	8.16227721007	2170641
717	成功	1045	7.27557213688	2171686
718	理由	1045	6.78281477738	2172731
719	就算	1045	3.91030581994	2173776
720	承认	1044	9.49036543312	2174820
721	文章	1044	8.06641105626	2175864
722	今年	1044	5.10817599407	2176908
723	负责	1043	10.8826526883	2177951
724	传来	1043	4.09411526612	2178994
725	一旦	1041	5.11800491296	2180035
726	往往	1039	6.55069919621	2181074
727	谢谢	1037	9.54531840764	2182111
728	老汉	1037	5.73008949013	2183148
729	深深	1035	7.66162931067	2184183
730	老先	1035	3.89160481595	2185218
731	努力	1034	10.0802806991	2186252
732	可怕	1034	4.84477533301	2187286
733	远远	1030	6.76962906696	2188316
734	故意	1027	6.54144880321	2189343
735	热情	1025	5.91482856944	2190368
736	通过	1024	4.8899687118	2191392
737	想法	1020	4.44595414576	2192412
738	音乐	1019	7.87330336117	2193431
739	匆匆	1018	11.7202640996	2194449
740	从此	1017	5.14643942015	2195466
741	运动	1016	7.12317378157	2196482
742	摇摇	1014	9.09031862357	2197496
743	位置	1011	8.84375425357	2198507
744	沉重	1011	7.1993960121	2199518
745	离婚	1010	8.14166020589	2200528
746	读书	1008	7.80629766307	2201536
747	喝酒	1007	8.16338933323	2202543
748	经济	1007	8.12697866713	2203550
749	伸手	1007	6.79467520415	2204557
750	点钟	1007	6.38967846303	2205564
751	神情	1007	5.38395115482	2206571
752	选择	1006	12.4001553578	2207577
753	演习	1005	9.70357627107	2208582
754	政委	1005	8.96071239315	2209587
755	大约	1004	5.54092189228	2210591
756	机关	999	6.63208024979	2211590
757	厉害	998	10.9217125166	2212588
758	懂得	998	5.71636715275	2213586
759	脾气	997	9.12221134864	2214583
760	笑容	996	6.43352069263	2215579
761	接过	995	4.24802888115	2216574
762	开门	994	4.08872639431	2217568
763	等等	993	6.19690004583	2218561
764	上班	993	4.34907743421	2219554
765	厨房	992	9.63924331166	2220546
766	得更	991	3.94288105252	2221537
767	计划	990	10.3126215967	2222527
768	兴趣	989	9.56134794412	2223516
769	拿起	986	4.738000024	2224502
770	左右	983	10.7667446208	2225485
771	静静	979	7.70466339617	2226464
772	人群	979	4.4517968761	2227443
773	视着	978	4.3215568874	2228421
774	经验	977	7.90587377625	2229398
775	感动	977	4.91734333978	2230375
776	改变	976	8.56327826588	2231351
777	很难	975	5.02912017205	2232326
778	颜色	973	9.31136151031	2233299
779	直接	973	6.38043926664	2234272
780	首先	969	7.70955075358	2235241
781	灵魂	965	11.0168926373	2236206
782	主席	965	8.73464979395	2237171
783	玩笑	965	6.65332623046	2238136
784	郑浩	963	10.5619421999	2239099
785	联系	961	9.81901200017	2240060
786	送到	961	4.17223993878	2241021
787	检查	959	11.2449880516	2241980
788	情形	958	6.5436032939	2242938
789	毫不	958	4.33779291913	2243896
790	年龄	956	8.24797642253	2244852
791	中午	955	6.03037208798	2245807
792	拒绝	954	11.1597094654	2246761
793	远处	953	6.48081228585	2247714
794	很少	953	4.55738850211	2248667
795	麻烦	951	10.3216424308	2249618
796	却又	951	4.25915218491	2250569
797	战斗	950	9.10259687348	2251519
798	科长	950	6.89706759771	2252469
799	无数	950	6.51101285795	2253419
800	客气	950	6.34011243364	2254369
801	冈普	949	11.9109509104	2255318
802	绝对	949	5.93023329465	2256267
803	十岁	948	6.56274373174	2257215
804	可惜	947	7.35400548339	2258162
805	际上	946	5.51563473436	2259108
806	识到	946	4.29634855929	2260054
807	事业	944	5.50251106698	2260998
808	众人	943	4.62270234915	2261941
809	唯一	943	4.60245795653	2262884
810	要紧	943	4.33794975397	2263827
811	一套	942	3.86138364928	2264769
812	睡着	942	3.81004744646	2265711
813	乡下	941	4.86881471984	2266652
814	任务	940	8.1775998856	2267592
815	仅仅	939	10.2576374686	2268531
816	教师	939	6.95362282864	2269470
817	遇到	937	5.59386394141	2270407
818	跟前	937	4.95960627221	2271344
819	方向	936	4.92308049	2272280
820	陈老	936	4.72310980649	2273216
821	维民	935	8.9838020754	2274151
822	方式	935	7.19179805589	2275086
823	抬头	935	6.37198600887	2276021
824	县长	935	6.21918772088	2276956
825	肩膀	933	11.8508239656	2277889
826	寻找	932	8.50904350289	2278821
827	公安	932	5.92970654834	2279753
828	英雄	929	9.9128425302	2280682
829	中央	929	8.07489773693	2281611
830	危险	927	12.0889302309	2282538
831	墙上	927	4.91076440926	2283465
832	互相	925	9.45400582907	2284390
833	夜晚	925	7.00909136549	2285315
834	弄得	925	5.12167155658	2286240
835	罗维	924	9.97317757277	2287164
836	模样	920	6.53545170503	2288084
837	每次	920	6.41255735785	2289004
838	条件	919	7.10778178633	2289923
839	十八	918	6.19192501278	2290841
840	楼上	918	3.82495016382	2291759
841	监狱	917	12.4771141363	2292676
842	十万	914	5.9932645557	2293590
843	年代	914	5.34876502046	2294504
844	定会	914	4.0413523767	2295418
845	证明	912	7.27316792762	2296330
846	经历	912	7.04496347751	2297242
847	门前	911	4.15626265752	2298153
848	绣文	910	9.55339372886	2299063
849	如同	910	4.40938007808	2299973
850	笑笑	910	4.27099976224	2300883
851	动作	908	4.44825546478	2301791
852	大队	908	3.80572767653	2302699
853	群众	906	9.82127075996	2303605
854	袋里	906	5.1625230889	2304511
855	最近	905	6.72006997332	2305416
856	几分	905	4.60961185627	2306321
857	叶子	904	4.57002992955	2307225
858	巨大	903	6.78711412252	2308128
859	处长	903	4.78634507564	2309031
860	庄稼	902	11.990117957	2309933
861	宗三	902	7.55256195313	2310835
862	公路	902	5.69465394624	2311737
863	孙少	899	7.42213555888	2312636
864	生产	898	5.68090195885	2313534
865	子奇	898	4.38686890734	2314432
866	反而	895	5.40766501427	2315327
867	满足	894	7.80299359047	2316221
868	回忆	893	7.46378953266	2317114
869	卜绣	892	12.9678798938	2318006
870	印象	892	8.74315319131	2318898
871	技术	891	11.2352973432	2319789
872	能让	889	4.06663264632	2320678
873	犹豫	888	12.9554708147	2321566
874	秘书	887	8.14842606169	2322453
875	相当	884	4.98096332221	2323337
876	影子	884	4.00762119128	2324221
877	会议	883	6.47175012118	2325104
878	普通	882	9.34734786453	2325986
879	半夜	882	6.85924878639	2326868
880	默地	879	4.59412381498	2327747
881	夫妻	877	8.25133606836	2328624
882	飞机	877	7.39024843321	2329501
883	必要	877	4.88480735387	2330378
884	某种	876	7.16087924038	2331254
885	无所	876	4.46888559167	2332130
886	环境	875	11.2116996527	2333005
887	队员	875	7.15337441559	2333880
888	引起	872	6.24149923724	2334752
889	工资	871	7.82433315193	2335623
890	马路	871	6.06609801541	2336494
891	严重	870	7.58738721129	2337364
892	韩子	870	4.70069374488	2338234
893	迅速	869	12.3377193922	2339103
894	秘密	869	10.517106216	2339972
895	记者	869	6.42880916284	2340841
896	赶快	868	7.30142312055	2341709
897	他俩	867	4.18983175065	2342576
898	十六	866	6.34335551865	2343442
899	处理	865	5.99703159583	2344307
900	空中	865	4.813393734	2345172
901	关心	865	4.333280687	2346037
902	往下	865	3.81093622893	2346902
903	伤心	864	5.68870943936	2347766
904	强烈	863	8.91141609049	2348629
905	乡长	863	5.7183435172	2349492
906	狠狠	862	11.0880536294	2350354
907	两条	862	5.17677431257	2351216
908	严肃	859	11.2558697737	2352075
909	月亮	859	6.79570784554	2352934
910	眼镜	858	7.14954339525	2353792
911	婆婆	857	8.55763993004	2354649
912	完成	857	5.24516861456	2355506
913	意外	854	4.41539749405	2356360
914	舒服	853	9.67692215604	2357213
915	安静	853	6.8656643723	2358066
916	房门	849	5.19863999253	2358915
917	子寒	847	5.05385564791	2359762
918	上午	844	4.45308467252	2360606
919	时刻	842	4.63862456486	2361448
920	口袋	840	7.1075279249	2362288
921	洪子	840	5.1458878258	2363128
922	能力	839	4.41882965287	2363967
923	现代	838	5.65208867189	2364805
924	阶级	837	10.7808200715	2365642
925	神经	836	5.18910988056	2366478
926	宝珠	835	9.73702266305	2367313
927	真实	835	4.70759968382	2368148
928	低声	832	6.19155374286	2368980
929	在桌	832	3.8580064241	2369812
930	镜子	831	5.32936051671	2370643
931	天早	829	4.09218726139	2371472
932	两位	827	4.87030191969	2372299
933	大街	827	4.72561176596	2373126
934	始终	826	8.09449756807	2373952
935	支书	824	7.16695660268	2374776
936	晚饭	824	6.78596980813	2375600
937	鸿飞	823	10.2207641341	2376423
938	愉快	822	9.81224053236	2377245
939	决心	822	5.33327306896	2378067
940	护士	820	9.31608611968	2378887
941	胜利	818	9.610829364	2379705
942	冰冰	818	9.59627782686	2380523
943	连忙	818	7.0316075361	2381341
944	老百	817	4.59432842521	2382158
945	解放	812	6.44060944744	2382970
946	无声	811	3.86040749745	2383781
947	顿时	810	5.67179614273	2384591
948	愤怒	809	11.3643630032	2385400
949	英国	809	6.27836890787	2386209
950	停下	808	4.91705183411	2387017
951	正常	807	4.90557007077	2387824
952	心灵	806	5.85854712909	2388630
953	冬天	804	6.68612427315	2389434
954	妹子	804	4.04520853414	2390238
955	同情	804	3.93073921122	2391042
956	附近	803	10.2636149217	2391845
957	县城	803	8.1019639931	2392648
958	队伍	802	9.55618429588	2393450
959	值得	802	5.83824996249	2394252
960	更多	802	4.65125289652	2395054
961	记忆	801	8.76399655177	2395855
962	通知	800	5.52527007147	2396655
963	铁道	799	5.58932177945	2397454
964	母羊	798	7.93882645661	2398252
965	委书	798	7.09756964148	2399050
966	失望	798	6.57349270125	2399848
967	彻底	796	10.437773385	2400644
968	服务	796	8.33404998741	2401440
969	干脆	795	8.92334520525	2402235
970	应当	793	5.02960476376	2403028
971	马威	792	8.40178858252	2403820
972	不禁	792	4.63290164328	2404612
973	挂着	791	4.73496415095	2405403
974	小母	790	3.90206615014	2406193
975	谁都	789	4.20345582261	2406982
976	胡子	789	4.16625300708	2407771
977	寂寞	787	12.9966485689	2408558
978	击队	786	8.16588636612	2409344
979	七八	784	8.21693357855	2410128
980	材料	783	10.4811820956	2410911
981	醒来	782	4.29989888363	2411693
982	纷纷	781	11.4992857473	2412474
983	逛荡	780	11.4569988316	2413254
984	谭宗	779	10.8246310037	2414033
985	轻松	779	7.85188820238	2414812
986	递给	778	7.77247065776	2415590
987	之外	773	4.54298121727	2416363
988	黑色	772	5.91014197478	2417135
989	理想	772	3.84155772954	2417907
990	建国	771	6.96367178987	2418678
991	再次	771	4.87429806683	2419449
992	陈正	770	5.73461830588	2420219
993	游击	769	9.4785095164	2420988
994	千万	768	8.09106690273	2421756
995	春天	768	5.18377808531	2422524
996	时期	764	5.02698933578	2423288
997	模糊	763	10.0780116451	2424051
998	林场	763	6.26600557306	2424814
999	半年	763	4.75943752173	2425577
1000	姑妈	762	6.56601570808	2426339
1001	平常	762	5.61830465918	2427101
1002	高高	761	4.87674956558	2427862
1003	批评	760	11.1980681566	2428622
1004	亲戚	760	9.23660640615	2429382
1005	气氛	759	9.07182636932	2430141
1006	全身	759	4.53027817593	2430900
1007	情感	759	4.26140285521	2431659
1008	少女	759	4.19060651816	2432418
1009	保持	755	8.88738327314	2433173
1010	种种	755	4.04664673401	2433928
1011	衣裳	752	10.5065077692	2434680
1012	谁知	752	4.90055916789	2435432
1013	今晚	750	6.38197087408	2436182
1014	早早	749	6.19291547823	2436931
1015	意味	749	6.10398419593	2437680
1016	过程	749	5.73557324201	2438429
1017	十三	749	4.19890015877	2439178
1018	复杂	748	9.66471964073	2439926
1019	市场	748	7.07999625757	2440674
1020	反对	748	4.76684907869	2441422
1021	面孔	747	7.35106924938	2442169
1022	送给	747	5.49544422043	2442916
1023	葛优	746	12.2755515118	2443662
1024	正华	745	6.38633217318	2444407
1025	天津	744	7.23928878476	2445151
1026	眼神	744	4.81790602732	2445895
1027	诗人	744	4.42401835185	2446639
1028	偷偷	743	10.1279278938	2447382
1029	头脑	743	5.22615732358	2448125
1030	满脸	742	5.53190682999	2448867
1031	窗户	741	9.40121665995	2449608
1032	叹息	741	9.14620867752	2450349
1033	四周	739	6.93091095893	2451088
1034	嗓子	739	6.40008766162	2451827
1035	一趟	739	5.02827371649	2452566
1036	反应	738	6.65622647291	2453304
1037	很高	738	4.07458879004	2454042
1038	未来	738	4.04072998556	2454780
1039	神秘	737	8.34320428873	2455517
1040	坚持	736	10.2563303882	2456253
1041	整整	734	8.11117883114	2456987
1042	吃惊	733	6.29604586463	2457720
1043	唐龙	732	9.82067420191	2458452
1044	段时	732	5.43450801176	2459184
1045	心思	732	4.21231009985	2459916
1046	嘴巴	731	7.84181493138	2460647
1047	劲儿	731	6.10317087693	2461378
1048	很久	731	5.73740502712	2462109
1049	部长	729	4.50655860885	2462838
1050	帽子	728	5.82337881887	2463566
1051	十四	728	4.94277041145	2464294
1052	脚下	728	4.10207582002	2465022
1053	当初	726	6.50118234401	2465748
1054	难受	726	6.32711209188	2466474
1055	勇气	725	7.5110486807	2467199
1056	女性	725	5.2519091227	2467924
1057	独自	720	5.80337765145	2468644
1058	穿过	720	4.52697968035	2469364
1059	后悔	719	7.3277349242	2470083
1060	挂在	719	4.18755247107	2470802
1061	否则	718	10.2725075822	2471520
1062	挣扎	717	11.4253762866	2472237
1063	阿丽	717	7.53108749353	2472954
1064	丽思	716	6.94783822468	2473670
1065	李正	716	5.32140150866	2474386
1066	包括	714	10.7760029634	2475100
1067	温暖	714	10.7327769831	2475814
1068	暗中	714	5.40236146534	2476528
1069	规矩	713	12.4125874056	2477241
1070	余宏	713	11.6611500309	2477954
1071	恢复	713	11.4743633361	2478667
1072	共产	713	9.44554012881	2479380
1073	明显	712	6.14290663172	2480092
1074	合适	710	9.61234038311	2480802
1075	感激	709	7.02324598699	2481511
1076	彼此	708	9.7171287549	2482219
1077	根据	708	8.98655135543	2482927
1078	气息	708	6.00006961576	2483635
1079	痛快	707	6.8423039152	2484342
1080	手术	707	6.36637876403	2485049
1081	行车	707	4.71399744422	2485756
1082	润叶	706	10.1317065081	2486462
1083	渴望	706	9.31367652254	2487168
1084	只剩	706	7.04294496433	2487874
1085	方法	704	5.04874231646	2488578
1086	预备	703	9.84848728256	2489281
1087	低头	703	5.32143392891	2489984
1088	香港	702	10.7139268662	2490686
1089	两口	702	3.85771442221	2491388
1090	方鸿	701	8.1419596535	2492089
1091	基本	701	7.92664609172	2492790
1092	专门	701	7.06008752667	2493491
1093	方英	701	5.85442442478	2494192
1094	叫做	700	4.62994276023	2494892
1095	讨厌	699	11.0540739215	2495591
1096	孤独	699	10.5123194293	2496290
1097	斗争	699	9.39686310282	2496989
1098	内容	699	7.85662764908	2497688
1099	英达	698	8.23277469054	2498386
1100	夏天	698	5.68113451801	2499084
1101	王强	697	6.41237517756	2499781
1102	小梅	697	4.96312415621	2500478
1103	婚姻	696	11.3182407483	2501174
1104	青春	696	7.75568905564	2501870
1105	感谢	696	6.87112153537	2502566
1106	推开	695	5.97484754876	2503261
1107	温柔	694	10.2771385291	2503955
1108	淡淡	694	9.84166911889	2504649
1109	蓝色	694	7.53512968859	2505343
1110	外边	694	4.45551274087	2506037
1111	走吧	694	3.97069157608	2506731
1112	之类	693	6.84526431403	2507424
1113	教室	692	7.43418822004	2508116
1114	双眼	692	5.43839849398	2508808
1115	惊讶	691	11.1236183133	2509499
1116	等于	691	4.80190806553	2510190
1117	子龙	689	4.18292754628	2510879
1118	参谋	688	10.9414868189	2511567
1119	厅里	688	5.15677758512	2512255
1120	汉子	688	4.18740837743	2512943
1121	六十	687	6.00929859274	2513630
1122	新鲜	685	7.64315096481	2514315
1123	眼珠	684	6.57445710125	2514999
1124	提起	684	4.52778570517	2515683
1125	小化	684	4.27832261639	2516367
1126	急忙	682	7.52634896617	2517049
1127	据说	682	4.70118596674	2517731
1128	晓日	681	7.12719259663	2518412
1129	街道	681	5.30869781017	2519093
1130	本书	681	5.12411861676	2519774
1131	落下	680	4.00663940422	2520454
1132	写作	679	5.34181962103	2521133
1133	十堰	678	9.2992701701	2521811
1134	胡同	678	6.0729544693	2522489
1135	抱住	677	6.60424726894	2523166
1136	娃娃	676	10.7105479751	2523842
1137	卫生	676	6.10000626154	2524518
1138	月光	676	5.26493373944	2525194
1139	功夫	675	8.0250426189	2525869
1140	停地	675	4.09369124569	2526544
1141	对象	674	4.2366333115	2527218
1142	美好	674	4.14512206497	2527892
1143	黄色	673	5.9694707677	2528565
1144	实实	672	4.68281386393	2529237
1145	新闻	671	8.09957710787	2529908
1146	进门	671	4.15159779481	2530579
1147	才知	671	3.95618521173	2531250
1148	悲哀	670	11.1106249933	2531920
1149	郭子	668	5.82799080986	2532588
1150	吴大	668	4.78739965125	2533256
1151	楼下	668	4.1642503922	2533924
1152	牺牲	666	14.0114480606	2534590
1153	状态	664	10.3842841109	2535254
1154	福堂	664	8.67845245795	2535918
1155	勉强	663	10.6564811417	2536581
1156	欢喜	663	7.15104816414	2537244
1157	王冰	662	7.44246117212	2537906
1158	河边	662	5.8963147623	2538568
1159	瞬间	661	9.06274785216	2539229
1160	毛病	661	7.45250284274	2539890
1161	沿着	661	5.4928735772	2540551
1162	用力	661	4.86592385492	2541212
1163	颤抖	660	11.222400013	2541872
1164	程度	660	9.02480020342	2542532
1165	支持	660	8.9962200065	2543192
1166	语言	660	8.00631600878	2543852
1167	吓得	660	5.7082807411	2544512
1168	响起	660	4.7189857139	2545172
1169	委屈	659	10.3085535242	2545831
1170	汇报	659	9.62950934756	2546490
1171	何况	659	7.62026981868	2547149
1172	身份	659	6.62427878962	2547808
1173	造成	659	6.60899186065	2548467
1174	感受	659	5.64679149354	2549126
1175	议论	658	8.92619453473	2549784
1176	安全	658	5.46967015203	2550442
1177	一棵	658	4.47698137971	2551100
1178	摸着	658	4.19997572886	2551758
1179	建筑	657	11.3075859817	2552415
1180	小坡	657	6.37084304901	2553072
1181	该怎	657	5.55899453128	2553729
1182	碰到	657	5.06402339374	2554386
1183	班长	656	5.52328877152	2555042
1184	猛地	656	5.30304302002	2555698
1185	店里	656	4.52863742642	2556354
1186	味道	655	5.26782007704	2557009
1187	吃完	654	5.3173839907	2557663
1188	话题	653	5.17220132806	2558316
1189	赶到	653	4.05868632145	2558969
1190	错误	652	9.95216204393	2559621
1191	客厅	652	8.90509009477	2560273
1192	创作	650	7.74997402832	2560923
1193	主动	650	4.64641845901	2561573
1194	价值	649	10.2087587666	2562222
1195	莫名	648	8.57415447625	2562870
1196	广告	648	8.00108680844	2563518
1197	不堪	648	5.25264727122	2564166
1198	呼吸	646	9.51933568964	2564812
1199	便宜	645	8.8881299027	2565457
1200	深处	645	6.36014213895	2566102
1201	战士	642	7.88127678533	2566744
1202	舌头	642	7.29520313478	2567386
1203	宣传	641	9.75301637159	2568027
1204	照顾	641	8.39302407459	2568668
1205	整天	641	4.69486402078	2569309
1206	顶上	641	4.10049813706	2569950
1207	纸上	641	3.89537314071	2570591
1208	老李	641	3.86860769462	2571232
1209	家乡	640	4.64163058802	2571872
1210	工夫	639	5.73512854604	2572511
1211	粮食	637	10.9462178982	2573148
1212	保证	637	8.72824181791	2573785
1213	山秀	637	7.23944149229	2574422
1214	警长	637	5.94990605175	2575059
1215	享受	636	9.67957716047	2575695
1216	欢迎	636	9.084841276	2576331
1217	绝望	635	6.80776143188	2576966
1218	或许	635	6.50354104204	2577601
1219	低下	635	4.59984177756	2578236
1220	拼命	634	9.76729406806	2578870
1221	举起	634	5.70844515278	2579504
1222	方怡	633	8.5114096767	2580137
1223	老六	633	4.66328273932	2580770
1224	显出	633	4.5439507888	2581403
1225	讨论	632	8.90412669704	2582035
1226	具体	632	8.40294120821	2582667
1227	方便	632	4.4139584405	2583299
1228	创造	631	10.47798768	2583930
1229	情景	631	6.28586992805	2584561
1230	暂时	630	7.06915280595	2585191
1231	念头	630	5.28146005048	2585821
1232	魏晓	629	9.79995782898	2586450
1233	帮忙	628	7.78321095326	2587078
1234	含着	628	5.09628558398	2587706
1235	苍白	627	8.05513911081	2588333
1236	接近	627	6.65098186904	2588960
1237	块儿	627	4.36852052048	2589587
1238	牙齿	626	11.689830805	2590213
1239	追求	626	8.95851246793	2590839
1240	目前	626	5.08269670613	2591465
1241	各自	626	4.80912138508	2592091
1242	民族	625	9.23882767208	2592716
1243	注视	625	8.63539943199	2593341
1244	大伙	625	4.52602830136	2593966
1245	咖啡	624	14.748705474	2594590
1246	工厂	624	7.22572809405	2595214
1247	论如	624	5.90664220801	2595838
1248	缓缓	623	10.9206094135	2596461
1249	分明	623	4.21743017087	2597084
1250	作用	623	3.91420268475	2597707
1251	恐惧	622	11.8756723328	2598329
1252	绿色	622	7.50919697497	2598951
1253	办事	622	4.25769637238	2599573
1254	厕所	621	9.40282935008	2600194
1255	风吹	621	8.22605089261	2600815
1256	总算	621	6.16832278234	2601436
1257	裙子	621	6.07915073992	2602057
1258	在沙	621	3.82480157426	2602678
1259	嘻嘻	620	12.4338404349	2603298
1260	楼梯	619	10.1585280457	2603917
1261	保护	619	8.80107662895	2604536
1262	蹲在	619	5.45953149522	2605155
1263	力气	619	4.67130766339	2605774
1264	睁开	618	7.2233476606	2606392
1265	站住	618	5.07424631167	2607010
1266	孙子	618	4.24039668228	2607628
1267	和尚	617	6.45601391921	2608245
1268	箱子	617	5.4537693799	2608862
1269	明明	617	3.84426019933	2609479
1270	打听	617	3.82946455026	2610096
1271	们俩	616	4.79388124257	2610712
1272	原谅	615	10.2175660176	2611327
1273	无聊	615	7.77359522084	2611942
1274	厂长	615	6.10605583223	2612557
1275	停止	614	9.03973873836	2613171
1276	四妹	614	6.66173416442	2613785
1277	黄昏	613	8.67279050019	2614398
1278	上帝	613	5.73979314512	2615011
1279	夫妇	612	7.29920048449	2615623
1280	叔叔	610	9.77017740848	2616233
1281	坚决	610	9.24378419151	2616843
1282	往后	610	3.92021956578	2617453
1283	距离	609	9.9063808529	2618062
1284	厂里	609	4.72049634385	2618671
1285	失败	608	9.25395988394	2619279
1286	假如	606	6.47739084951	2619885
1287	观察	605	9.4512333908	2620490
1288	公园	605	7.03289470163	2621095
1289	王金	605	6.02755232255	2621700
1290	提醒	604	8.03530014383	2622304
1291	多数	604	5.29240428753	2622908
1292	加林	603	6.41712998198	2623511
1293	易门	602	6.39270798022	2624113
1294	谭家	602	6.18165492768	2624715
1295	亲切	602	5.46287131624	2625317
1296	会计	600	5.40403471039	2625917
1297	干吗	599	5.05375140242	2626516
1298	产党	598	9.22196921056	2627114
1299	清醒	598	7.3178382463	2627712
1300	伟大	597	5.57533392299	2628309
1301	事件	596	4.54980785113	2628905
1302	断地	596	3.93089316081	2629501
1303	玉亭	595	9.86095087763	2630096
1304	声响	595	5.34584974728	2630691
1305	谢你	595	3.96281867473	2631286
1306	性格	594	7.8798313255	2631880
1307	嫂子	594	4.77538870161	2632474
1308	跑出	594	3.9380545606	2633068
1309	写信	593	6.00865153816	2633661
1310	悄地	592	4.6825120038	2634253
1311	随后	591	4.79350018525	2634844
1312	往前	591	4.44309493077	2635435
1313	五年	590	4.29935036154	2636025
1314	老鼠	589	7.44312240114	2636614
1315	太婆	588	5.93438287499	2637202
1316	路边	588	4.62774184891	2637790
1317	具有	588	4.35555174382	2638378
1318	喊着	588	3.84621059893	2638966
1319	黛二	587	9.13329464488	2639553
1320	金俊	587	8.86322150932	2640140
1321	十七	587	6.05801599596	2640727
1322	打断	587	5.88470370805	2641314
1323	往外	587	5.10739089298	2641901
1324	总之	587	4.76338094647	2642488
1325	树林	586	6.67822842015	2643074
1326	冷笑	586	5.59610610256	2643660
1327	味儿	586	4.94771628639	2644246
1328	顺着	586	3.89251708212	2644832
1329	眼皮	585	5.26959330848	2645417
1330	雁潮	584	12.3926575085	2646001
1331	黄原	584	6.41013353272	2646585
1332	自语	584	4.79854533651	2647169
1333	冷冷	583	7.54877354232	2647752
1334	利用	583	5.83423372079	2648335
1335	良心	581	5.83927752367	2648916
1336	冷静	580	7.24536899786	2649496
1337	楚雁	579	11.0576600156	2650075
1338	饭店	579	7.54749619046	2650654
1339	异常	579	7.54143929905	2651233
1340	右手	579	6.3106127274	2651812
1341	世纪	578	8.50453220083	2652390
1342	大郎	578	5.71282327321	2652968
1343	指头	578	4.25383310728	2653546
1344	鸟儿	577	6.06885303238	2654123
1345	玫瑰	576	13.4641265138	2654699
1346	姐妹	576	7.05592047973	2655275
1347	经易	576	6.07775428946	2655851
1348	小屋	576	4.08311030215	2656427
1349	欣赏	575	11.5325352487	2657002
1350	按照	575	8.46690705628	2657577
1351	丫头	574	7.54253949868	2658151
1352	园里	574	4.52847109276	2658725
1353	滋味	573	10.5260366947	2659298
1354	成熟	573	6.38494658433	2659871
1355	神气	573	4.77167834859	2660444
1356	谈谈	572	7.14732443793	2661016
1357	讲话	572	5.03447459416	2661588
1358	死亡	571	8.90722947545	2662159
1359	共同	570	6.71568354682	2662729
1360	进屋	570	5.52382885238	2663299
1361	自杀	570	5.38864853566	2663869
1362	娟芝	569	12.0266117531	2664438
1363	从未	569	5.81245763715	2665007
1364	矛盾	568	14.5425535394	2665575
1365	某些	568	6.2906813	2666143
1366	师长	568	4.23833120583	2666711
1367	调查	567	8.98304358823	2667278
1368	职业	567	8.74091954956	2667845
1369	开玩	567	5.44339743063	2668412
1370	尴尬	565	14.8795506275	2668977
1371	抚摸	565	10.6308918176	2669542
1372	县委	565	8.26868607011	2670107
1373	分之	565	4.09222415719	2670672
1374	特殊	564	10.6473065144	2671236
1375	傍晚	564	10.150392646	2671800
1376	几步	564	5.17542467565	2672364
1377	几位	564	4.50337985854	2672928
1378	骨头	563	5.95686090495	2673491
1379	韩太	562	6.27229656028	2674053
1380	身影	561	5.32526640614	2674614
1381	鸡蛋	560	9.93930380151	2675174
1382	十块	560	5.2797692158	2675734
1383	一篇	560	3.89924877816	2676294
1384	艰难	559	9.44595166034	2676853
1385	哪怕	559	6.11009570761	2677412
1386	双水	559	5.85563185538	2677971
1387	吕丽	558	9.30386482885	2678529
1388	刘夏	558	8.25385776613	2679087
1389	巴巴	557	8.32369212465	2679644
1390	闭上	557	4.85948466799	2680201
1391	细细	556	7.87197916399	2680757
1392	临时	556	5.22795252659	2681313
1393	子弹	556	4.79510540627	2681869
1394	其妙	555	8.47120351752	2682424
1395	成绩	554	8.86443322263	2682978
1396	买卖	554	7.76336816247	2683532
1397	形象	554	7.07171770281	2684086
1398	窗口	554	6.11905903388	2684640
1399	发表	554	4.76199252021	2685194
1400	最终	553	6.30297346952	2685747
1401	首长	553	5.86419090835	2686300
1402	一瞬	552	4.81852942355	2686852
1403	光明	552	4.13508593394	2687404
1404	走近	551	4.87150478767	2687955
1405	随时	551	4.1379236558	2688506
1406	无力	550	4.47623227155	2689056
1407	渐地	550	4.03017389506	2689606
1408	刺激	549	9.77995634461	2690155
1409	指导	549	7.42923219717	2690704
1410	吸引	548	9.94592488743	2691252
1411	水村	548	5.38862555502	2691800
1412	狠地	548	4.99191434828	2692348
1413	掌柜	547	10.9637843686	2692895
1414	缘故	547	9.95290619585	2693442
1415	何波	547	8.05997389646	2693989
1416	身旁	547	5.83577876909	2694536
1417	老甘	547	5.7983499544	2695083
1418	亲爱	547	4.35207525953	2695630
1419	无疑	546	6.26996291082	2696176
1420	团长	546	5.45129913396	2696722
1421	偏偏	544	10.6145810701	2697266
1422	餐厅	544	10.4932437634	2697810
1423	依旧	543	9.10493905947	2698353
1424	片刻	543	7.00485943205	2698896
1425	打量	543	5.71932725187	2699439
1426	小艾	542	5.90582252809	2699981
1427	拉开	542	4.72750268412	2700523
1428	使劲	541	7.64321537723	2701064
1429	获得	541	6.30121594735	2701605
1430	隐隐	540	10.0815163125	2702145
1431	游戏	540	8.95621927726	2702685
1432	胸前	540	6.58640750992	2703225
1433	重重	540	5.35987698175	2703765
1434	全国	540	4.50746299971	2704305
1435	麦其	539	8.11751795774	2704844
1436	极其	539	6.69513077113	2705383
1437	金栓	538	10.4316814844	2705921
1438	至今	538	6.35450663214	2706459
1439	裤子	538	5.20606438081	2706997
1440	打死	538	4.34745165195	2707535
1441	走路	538	3.86839529547	2708073
1442	朦胧	537	14.4342302256	2708610
1443	企业	537	9.97959592597	2709147
1444	尾巴	537	9.73972935032	2709684
1445	科学	537	6.55589888873	2710221
1446	孙玉	536	8.08800924298	2710757
1447	作战	536	5.55242771074	2711293
1448	烈地	536	4.59416904858	2711829
1449	达到	536	4.05840564085	2712365
1450	羊说	536	3.89712938914	2712901
1451	连连	535	5.87968445365	2713436
1452	记住	535	4.72335588399	2713971
1453	两次	535	3.90730912406	2714506
1454	明亮	534	5.27239663009	2715040
1455	杂志	533	8.61443608254	2715573
1456	忍受	533	7.71558712721	2716106
1457	神色	533	5.41261079885	2716639
1458	政策	532	10.4427537525	2717171
1459	遥远	532	8.67888898455	2717703
1460	五六	532	6.67406281135	2718235
1461	眉头	532	5.93792935191	2718767
1462	少钱	532	4.71961527895	2719299
1463	树下	531	4.05272673062	2719830
1464	分析	530	9.54807774472	2720360
1465	呆呆	530	9.26538530234	2720890
1466	瞧着	530	4.2902737946	2721420
1467	瞅着	529	5.36690445107	2721949
1468	道游	529	5.2337905413	2722478
1469	天星	529	4.8032931036	2723007
1470	下班	529	4.23849771811	2723536
1471	咳嗽	528	13.8755074451	2724064
1472	控制	528	11.3882209487	2724592
1473	刹那	528	6.85275775962	2725120
1474	停住	528	5.9796318207	2725648
1475	动物	528	5.52442189713	2726176
1476	使用	528	4.57838625644	2726704
1477	辛苦	527	8.86848974498	2727231
1478	钥匙	526	14.8202073314	2727757
1479	宣布	526	9.78279406965	2728283
1480	招待	526	8.53846713841	2728809
1481	快活	526	4.98304988021	2729335
1482	岳父	525	9.50314275188	2729860
1483	跳起	525	4.66424558646	2730385
1484	福军	524	7.23611180993	2730909
1485	对付	524	6.44487960414	2731433
1486	两句	523	4.87058251082	2731956
1487	爱国	522	4.35314931555	2732478
1488	哆嗦	521	14.2975405262	2732999
1489	识分	521	5.82500309655	2733520
1490	集中	521	5.77148484535	2734041
1491	文明	521	4.37511677757	2734562
1492	估计	520	11.1422614587	2735082
1493	接触	520	8.88082536667	2735602
1494	何必	520	6.76800074413	2736122
1495	铁路	520	6.63700373018	2736642
1496	阿基	519	8.65017335447	2737161
1497	色彩	519	7.49632367411	2737680
1498	小姑	519	4.09651927865	2738199
1499	讨债	518	11.3270809455	2738717
1500	打扮	518	8.33513816476	2739235
1501	钻进	518	7.63808958532	2739753
1502	格外	518	6.43377079329	2740271
1503	把握	518	6.010006681	2740789
1504	县里	518	3.99575814773	2741307
1505	梦中	517	5.06830193858	2741824
1506	皮肤	516	10.4994824326	2742340
1507	广州	516	10.3279424029	2742856
1508	皮鞋	516	8.52068021389	2743372
1509	角色	516	6.57841373912	2743888
1510	围着	516	3.81847552271	2744404
1511	其它	515	5.38140688662	2744919
1512	暗暗	514	8.06957959244	2745433
1513	肩上	514	4.49666735641	2745947
1514	欲望	513	7.88887609519	2746460
1515	好奇	513	4.45497998807	2746973
1516	清晰	512	10.1239538847	2747485
1517	晓霞	512	10.0575820317	2747997
1518	摇晃	512	9.45099819558	2748509
1519	节目	512	7.43209134276	2749021
1520	角落	512	7.39957093006	2749533
1521	兴安	512	6.07333583504	2750045
1522	多岁	512	5.01013984409	2750557
1523	走廊	511	7.85144797388	2751068
1524	万元	511	7.34499754288	2751579
1525	河水	511	5.77602951963	2752090
1526	管理	511	5.77319469624	2752601
1527	对待	511	4.93961416784	2753112
1528	嘉伟	510	11.8728844033	2753622
1529	规定	510	7.40024991397	2754132
1530	炕上	510	5.6731831824	2754642
1531	名其	510	5.55789179217	2755152
1532	寂静	509	8.91164880189	2755661
1533	反复	509	7.44455519512	2756170
1534	筷子	509	6.63329958315	2756679
1535	气味	509	5.74470515802	2757188
1536	赵中	509	5.26734475989	2757697
1537	目标	508	8.74867587522	2758205
1538	思考	508	7.04374414932	2758713
1539	将军	508	5.98365127011	2759221
1540	陈生	508	3.97782014298	2759729
1541	邻居	507	10.9560774437	2760236
1542	建议	507	9.06330083439	2760743
1543	手臂	507	7.30106981014	2761250
1544	市长	507	4.86519381079	2761757
1545	干活	507	4.68349538599	2762264
1546	考试	506	9.05405555595	2762770
1547	总觉	506	4.82956117725	2763276
1548	部门	506	4.56962837234	2763782
1549	头顶	504	5.12636784719	2764286
1550	无奈	503	8.20553064125	2764789
1551	闪闪	502	8.99264490945	2765291
1552	阿姨	502	8.95187702422	2765793
1553	律师	502	8.33649968954	2766295
1554	猛然	502	6.06900046028	2766797
1555	上课	502	4.44021116694	2767299
1556	丝毫	501	9.56539415002	2767800
1557	士兵	501	8.12223972612	2768301
1558	尽量	501	7.66197366539	2768802
1559	起码	501	6.60603261599	2769303
1560	正式	501	6.31074967518	2769804
1561	情愿	501	5.26582450328	2770305
1562	姜阿	500	9.60017277892	2770805
1563	吩咐	499	14.4367515646	2771304
1564	放弃	499	8.66791682008	2771803
1565	国民	499	5.19024966728	2772302
1566	伏在	499	4.77524883647	2772801
1567	月蓉	498	9.03011502272	2773299
1568	八岁	497	7.37252695599	2773796
1569	心脏	497	6.58858499515	2774293
1570	女婿	496	8.75023977317	2774789
1571	有趣	496	4.46079045306	2775285
1572	商店	495	8.6946919268	2775780
1573	幻想	495	6.79110300007	2776275
1574	大陆	495	5.23220605058	2776770
1575	拥有	495	4.76441728518	2777265
1576	戴着	495	4.51647335571	2777760
1577	疯狂	494	10.8925025147	2778254
1578	黄兴	494	6.37685412806	2778748
1579	八十	494	5.29794190095	2779242
1580	园林	493	7.18937323353	2779735
1581	胖子	493	4.95388893867	2780228
1582	灰色	492	7.22156678325	2780720
1583	债者	491	9.41350185581	2781211
1584	判断	490	9.68108509452	2781701
1585	光景	490	6.63117853446	2782191
1586	四处	490	5.27141825086	2782681
1587	取出	490	4.74030083653	2783171
1588	跳下	490	4.13926527351	2783661
1589	馆里	489	4.68407325211	2784150
1590	灭了	489	3.86151727816	2784639
1591	传统	488	8.82564870573	2785127
1592	唱歌	488	8.6139798797	2785615
1593	破坏	488	8.58719717409	2786103
1594	好久	488	4.26108732192	2786591
1595	手机	488	4.11049827349	2787079
1596	忧郁	487	11.6416900842	2787566
1597	村庄	487	7.5944127669	2788053
1598	江月	487	6.9671839388	2788540
1599	无比	487	4.38954379258	2789027
1600	委员	486	7.39194438961	2789513
1601	冲动	486	5.98658438096	2789999
1602	堂里	486	4.0557088353	2790485
1603	武器	485	9.79644023308	2790970
1604	增加	485	9.67303018105	2791455
1605	二百	485	5.28855815593	2791940
1606	抽烟	484	8.16174378196	2792424
1607	步声	484	4.80507905056	2792908
1608	偶尔	483	11.3843775543	2793391
1609	傻子	483	4.91310207764	2793874
1610	些东	483	3.88697183273	2794357
1611	并非	482	6.24175608057	2794839
1612	家属	482	5.66654654198	2795321
1613	委会	482	4.86665846565	2795803
1614	八年	482	4.71544491318	2796285
1615	拳头	481	6.89006330448	2796766
1616	爬起	481	5.90347549012	2797247
1617	清清	481	5.29371196523	2797728
1618	秋天	481	5.16994647427	2798209
1619	犯人	481	3.9812215995	2798690
1620	钞票	480	12.3017647076	2799170
1621	旅馆	480	10.3134605429	2799650
1622	玉兰	480	8.08528658773	2800130
1623	身材	480	6.96220377787	2800610
1624	遗憾	479	12.9339808553	2801089
1625	关键	479	9.98492367564	2801568
1626	老伴	479	5.91988150589	2802047
1627	最高	479	4.42934976494	2802526
1628	陪着	478	4.57066806021	2803004
1629	表演	477	7.38022153751	2803481
1630	成贵	477	6.11724267666	2803958
1631	四五	477	5.36646929918	2804435
1632	闭着	477	4.5784237215	2804912
1633	喉咙	475	14.4327369007	2805387
1634	蓝军	475	7.65048197616	2805862
1635	言语	475	7.53177749775	2806337
1636	嘴角	475	7.21063447473	2806812
1637	读者	474	7.27208698964	2807286
1638	上级	474	4.0024189748	2807760
1639	由自	474	3.80760169362	2808234
1640	卧室	473	9.92045109355	2808707
1641	花园	473	6.73458713652	2809180
1642	左手	473	6.10517439179	2809653
1643	儿媳	472	5.95777446009	2810125
1644	千里	472	3.92807630223	2810597
1645	羡慕	471	14.0644596603	2811068
1646	喃喃	471	13.0841697424	2811539
1647	隔壁	471	10.5662173507	2812010
1648	甘支	471	9.06960077197	2812481
1649	形成	471	5.6633233693	2812952
1650	常少	471	4.52584878411	2813423
1651	伙计	470	8.35039806322	2813893
1652	公共	470	7.00752985496	2814363
1653	芳林	469	7.90523448864	2814832
1654	哭声	469	5.0469071181	2815301
1655	糊糊	468	9.27792859778	2815769
1656	奂生	468	8.24167915178	2816237
1657	显示	468	8.22306466452	2816705
1658	尊重	468	8.19202926076	2817173
1659	分配	468	7.47598023364	2817641
1660	资本	467	6.85786711006	2818108
1661	年级	467	5.74643649364	2818575
1662	二爷	467	5.05249232366	2819042
1663	耐烦	466	10.4589237257	2819508
1664	林嫂	466	7.57267071287	2819974
1665	展开	466	5.89880323169	2820440
1666	少乐	466	5.84166010581	2820906
1667	学院	466	4.88517980878	2821372
1668	抗日	465	7.78543235741	2821837
1669	文字	465	5.6176002737	2822302
1670	女朋	465	5.26978176455	2822767
1671	热烈	464	8.04502589347	2823231
1672	省城	464	7.87993938861	2823695
1673	表达	464	7.21012070194	2824159
1674	反倒	464	6.0466940617	2824623
1675	握着	464	4.48655958463	2825087
1676	新成	464	4.1719839009	2825551
1677	毛主	463	6.06549820303	2826014
1678	日记	463	4.86804627988	2826477
1679	迟疑	462	9.8700614191	2826939
1680	伤害	462	8.23282944656	2827401
1681	雪白	462	6.27578320423	2827863
1682	八路	462	5.95391177889	2828325
1683	南方	462	5.63051821326	2828787
1684	陈明	462	4.91589702356	2829249
1685	告别	461	5.12986753418	2829710
1686	不耐	461	3.94358420574	2830171
1687	元元	460	7.83484801134	2830631
1688	差点	460	5.64364234296	2831091
1689	苦笑	460	4.82451156998	2831551
1690	甘玫	459	10.9835585604	2832010
1691	折磨	459	10.3453722787	2832469
1692	二帕	459	8.42856926755	2832928
1693	爱香	459	5.91501170919	2833387
1694	金钱	459	5.41538803363	2833846
1695	水平	459	4.63181405613	2834305
1696	特务	458	7.68647424437	2834763
1697	权力	458	7.59880267863	2835221
1698	工程	458	6.93240854083	2835679
1699	多久	458	4.80848237646	2836137
1700	彭亮	457	9.3029980868	2836594
1701	额头	457	6.85522895615	2837051
1702	红军	457	5.50513809552	2837508
1703	三四	457	4.31295413884	2837965
1704	且还	457	3.80358948561	2838422
1705	傩喜	456	10.6670013488	2838878
1706	眉毛	456	8.58020953026	2839334
1707	南京	456	8.16083687071	2839790
1708	雯雯	455	12.2350002947	2840245
1709	反映	455	9.31339252133	2840700
1710	古怪	455	7.96048755228	2841155
1711	深刻	455	6.72555421919	2841610
1712	重复	455	6.6972787447	2842065
1713	元钱	455	6.22229178347	2842520
1714	激情	455	5.7475358344	2842975
1715	胸脯	454	12.5086042958	2843429
1716	毛巾	454	9.89118568215	2843883
1717	敲门	454	7.17857844492	2844337
1718	太爷	454	4.81648340678	2844791
1719	现象	454	4.35925402983	2845245
1720	郑娟	453	10.0152613958	2845698
1721	观念	453	8.36010573313	2846151
1722	嫁给	453	7.0129816076	2846604
1723	祖母	452	7.86118092795	2847056
1724	打击	452	6.11586927277	2847508
1725	骄傲	451	13.8271850944	2847959
1726	建设	451	9.28335799263	2848410
1727	台阶	451	8.94636754117	2848861
1728	英语	451	7.27471661615	2849312
1729	拉住	451	5.1503649728	2849763
1730	派出	451	4.77101668248	2850214
1731	生存	450	5.152876218	2850664
1732	抽出	450	4.66731178507	2851114
1733	架子	450	4.24165174546	2851564
1734	纪念	449	8.95213876838	2852013
1735	礼物	449	8.10219865063	2852462
1736	况且	449	7.50953252979	2852911
1737	银行	449	6.70587631185	2853360
1738	碰上	449	4.24885575715	2853809
1739	从哪	449	4.18526303134	2854258
1740	贾正	448	7.60180979151	2854706
1741	社员	448	7.17740418011	2855154
1742	总经	448	4.17265254963	2855602
1743	肖元	447	9.22891316448	2856049
1744	病房	447	5.77439528824	2856496
1745	隔着	447	4.50131520773	2856943
1746	赶忙	446	7.19858914735	2857389
1747	二次	446	4.21176615842	2857835
1748	稍稍	445	11.195080682	2858280
1749	昨晚	445	8.16080456343	2858725
1750	大耳	444	4.131989459	2859169
1751	呻吟	443	13.7299943653	2859612
1752	陷入	443	9.61991245956	2860055
1753	勇敢	443	8.93963034688	2860498
1754	李德	443	6.93227252036	2860941
1755	镇上	443	4.13197887716	2861384
1756	索性	442	8.33820498481	2861826
1757	指示	442	7.47555915676	2862268
1758	分别	442	4.1395965735	2862710
1759	健康	441	12.1082201647	2863151
1760	闪烁	441	11.8016395725	2863592
1761	扶着	441	5.14853243018	2864033
1762	出版	440	6.97554391052	2864473
1763	很远	440	4.05657325891	2864913
1764	巴掌	439	8.9150650064	2865352
1765	宁长	439	6.25568832666	2865791
1766	饭吃	439	5.00460276376	2866230
1767	质夫	438	7.75963152518	2866668
1768	主持	438	6.82306928464	2867106
1769	岁月	438	6.26977200964	2867544
1770	克莹	437	11.3347375361	2867981
1771	集体	437	7.79440761059	2868418
1772	安局	437	6.62120623888	2868855
1773	做梦	437	5.99833303277	2869292
1774	十九	437	5.88984237537	2869729
1775	藏在	437	4.06645443526	2870166
1776	白白	437	3.82393574933	2870603
1777	柳鸿	436	10.3569123192	2871039
1778	道德	436	4.83032802981	2871475
1779	院长	436	4.30734127265	2871911
1780	茫然	435	6.75517375555	2872346
1781	恐怖	434	12.3066492391	2872780
1782	浪漫	434	10.5718043876	2873214
1783	午饭	434	7.09342188108	2873648
1784	电灯	434	6.68848125331	2874082
1785	提高	434	5.30901796661	2874516
1786	第四	434	5.26512095473	2874950
1787	各样	434	4.46999845738	2875384
1788	几百	433	4.74325832347	2875817
1789	珠子	433	4.14077409328	2876250
1790	场面	433	3.8854852741	2876683
1791	阿桃	431	8.73464794795	2877114
1792	秀英	431	7.60162259555	2877545
1793	户口	431	6.50730310085	2877976
1794	积极	430	9.27734286069	2878406
1795	思索	430	7.77598244454	2878836
1796	无限	430	7.49052994829	2879266
1797	七十	430	5.60899215244	2879696
1798	今日	430	4.89054154227	2880126
1799	丰富	429	10.7465850596	2880555
1800	北方	429	5.30804561567	2880984
1801	三百	429	4.93480926112	2881413
1802	弟兄	428	8.67095200249	2881841
1803	速地	428	4.90693026185	2882269
1804	速度	427	9.1057971732	2882696
1805	务员	427	7.477019734	2883123
1806	菱子	427	6.38765784309	2883550
1807	相反	427	5.66147478123	2883977
1808	村长	427	4.16793997007	2884404
1809	灿烂	426	12.20649105	2884830
1810	礼拜	426	9.91196786031	2885256
1811	省委	426	8.43053921093	2885682
1812	海南	426	6.56433278363	2886108
1813	双方	426	5.18922306988	2886534
1814	平平	426	5.06437904512	2886960
1815	奈何	425	9.18565929626	2887385
1816	德华	425	7.88007848927	2887810
1817	沉思	425	6.17896850871	2888235
1818	冒出	425	5.50298894789	2888660
1819	年青	425	4.27721721772	2889085
1820	相互	424	8.32861672823	2889509
1821	足够	424	7.99260345251	2889933
1822	黄克	424	7.72295126229	2890357
1823	耐心	424	6.24179732249	2890781
1824	喜先	424	5.23625768861	2891205
1825	王新	424	4.98069020249	2891629
1826	偶然	423	6.84962349611	2892052
1827	花店	423	6.38092587202	2892475
1828	期间	423	5.87039584907	2892898
1829	咬着	423	4.48107174704	2893321
1830	贴在	423	4.04282390821	2893744
1831	导演	422	8.20009506941	2894166
1832	嘿嘿	421	12.5947450454	2894587
1833	烦恼	421	10.3635927281	2895008
1834	枕头	421	7.3941317297	2895429
1835	随即	421	7.39089625483	2895850
1836	充分	421	6.64118520977	2896271
1837	散发	421	5.79754615754	2896692
1838	照样	421	4.14276112647	2897113
1839	编辑	420	12.6664721081	2897533
1840	抽屉	420	11.8531783304	2897953
1841	博士	420	9.85791899068	2898373
1842	风雨	420	6.54014191971	2898793
1843	写字	420	6.04170297216	2899213
1844	瞪着	420	5.084557127	2899633
1845	肖汉	419	9.27663504326	2900052
1846	条路	419	5.23690716326	2900471
1847	导员	418	7.24840069778	2900889
1848	最初	418	6.58099892328	2901307
1849	拍着	418	3.83988037952	2901725
1850	田野	417	7.93357969784	2902142
1851	地盯	417	5.2340776329	2902559
1852	燃烧	416	10.8504971427	2902975
1853	资料	416	8.80775748558	2903391
1854	苦恼	416	8.69861949373	2903807
1855	列车	416	7.22480467869	2904223
1856	阶段	415	9.71718644434	2904638
1857	百元	415	7.03561879863	2905053
1858	沉沉	415	6.84956360193	2905468
1859	军队	415	5.78787211535	2905883
1860	韩成	415	5.68021803031	2906298
1861	刀子	415	3.886569164	2906713
1862	退休	414	9.62820957243	2907127
1863	军区	414	7.19216805001	2907541
1864	姨太	413	7.04521052662	2907954
1865	里掏	413	5.20678545673	2908367
1866	当代	413	4.44234288333	2908780
1867	躺着	413	4.13522878372	2909193
1868	广播	412	10.7086456954	2909605
1869	允许	412	9.53103910492	2910017
1870	魏德	412	8.96584161098	2910429
1871	布置	412	8.92160593329	2910841
1872	香烟	412	7.24898547558	2911253
1873	长久	412	4.77944787407	2911665
1874	花钱	412	4.46218512506	2912077
1875	采取	411	9.78865125298	2912488
1876	跳舞	411	8.50402116937	2912899
1877	拦住	411	8.07578569992	2913310
1878	许久	411	6.18672360077	2913721
1879	手段	411	5.51706606702	2914132
1880	十元	411	5.48174868277	2914543
1881	言自	411	4.11812061683	2914954
1882	宝成	410	5.62658419911	2915364
1883	传出	410	3.81840762686	2915774
1884	欢乐	409	6.95685998753	2916183
1885	小娟	409	6.12011601333	2916592
1886	敏感	408	8.11217277021	2917000
1887	返回	408	7.51461429487	2917408
1888	光彩	408	6.91280926083	2917816
1889	墙壁	407	9.65530089429	2918223
1890	愿望	407	5.8873410593	2918630
1891	动静	407	4.87414382025	2919037
1892	平日	407	4.65285441837	2919444
1893	爱文	407	4.4891044664	2919851
1894	收入	406	7.0767293418	2920257
1895	背影	406	6.94922169698	2920663
1896	理论	406	5.99437384251	2921069
1897	文件	406	5.52216956487	2921475
1898	做饭	406	4.81996085515	2921881
1899	老吴	406	4.61921635982	2922287
1900	案子	406	4.2486083607	2922693
1901	兴致	405	8.08628478915	2923098
1902	阵阵	405	7.91430833219	2923503
1903	黑夜	405	5.65189098373	2923908
1904	快快	404	4.83758839805	2924312
1905	乎乎	403	5.93400729447	2924715
1906	亲热	403	5.0380977587	2925118
1907	古传	402	7.58039906615	2925520
1908	故乡	402	7.35753289421	2925922
1909	超过	402	6.08617858784	2926324
1910	姐夫	402	5.82116904602	2926726
1911	初中	402	5.0423257039	2927128
1912	公公	402	4.29306596316	2927530
1913	在炕	401	4.85918953099	2927931
1914	温和	401	4.84141425019	2928332
1915	自言	401	4.0825844596	2928733
1916	悲剧	400	9.59277194869	2929133
1917	副司	400	7.08001000486	2929533
1918	湖边	400	6.78286036227	2929933
1919	百年	400	4.24488450845	2930333
